141.32
238.72
105.75999999999999
149.68
290.3
160.22
122.44
153.74
188.18
171.42
232.88
222.42
191.42000000000002
291.38
125.69999999999999
205.44
160.28
214.44
190.2
160.16
132.52
258.36
197.66
189.07999999999998
195.7
229.7
102.66
204.32
157.32
258.58
183.38
114.44
294.72
104.14
125.16
276.15999999999997
230.06
260.02
113.46000000000001
60.76
249.5
171.16
263.15999999999997
198.9
94.0
104.78
232.56
133.18
228.8
187.0
193.18
224.88
229.06
215.66
178.38
164.46
179.39999999999998
173.16
227.78
192.66
197.54
188.98
262.38
88.66
190.18
167.6
237.6
268.92
34.0
184.8
225.32
46.14
155.28
230.54
149.12
185.6
216.9
179.07999999999998
89.08
161.04
211.66
174.66
24.38
274.3
245.86
191.38
219.44
162.14
82.0
202.2
216.28
247.44
163.38
279.2
243.82
282.92
120.8
187.42
243.5
251.16
55.28
226.46
195.51999999999998
201.8
263.5
197.32
167.5
155.9
225.2
212.5
157.42000000000002
166.74
228.26
219.5
119.08
234.56
133.07999999999998
268.4
257.88
289.34
177.38
159.28
62.31999999999999
70.28
189.42000000000002
54.08
84.12
200.46
213.88
226.54
142.33999999999997
221.04
126.03999999999999
218.04
217.36
181.0
284.52
54.0
249.26
26.9
136.26
177.88
265.92
138.22
165.9
195.7
218.01999999999998
300.34
213.06
277.92
277.34
69.0
169.68
176.8
260.58
79.03999999999999
98.38
294.44
210.48
79.38
264.92
207.56
197.16
128.42000000000002
227.54
184.98
241.22
191.94
184.46
217.66
151.12
193.57999999999998
229.12
250.12
156.14
34.14
197.28
209.66
223.22
166.0
269.78
293.2
166.46
121.9
254.2
213.33999999999997
46.699999999999996
264.3
178.42000000000002
201.07999999999998
234.28
108.56
244.78
291.34
108.94
210.98
244.74
249.88
229.74
162.64
179.64
137.9
176.14
224.98
67.9
293.0
181.8
88.66
16.38
161.26
115.0
300.76
105.28
223.57999999999998
191.66
192.42000000000002
186.68
206.9
197.04
249.6
209.7
180.82
236.16
12.0
197.14
183.98
152.76
186.46
330.9
324.14
130.38
211.72
222.8
295.48
139.5
154.66
79.38
252.57999999999998
286.82
198.78
192.98
175.88
15.0
50.76
175.28
221.39999999999998
133.04
195.78
130.04
207.94
211.94
252.54
163.64
149.36
137.36
311.72
274.48
129.51999999999998
28.14
191.32
205.42
227.16
214.78
224.32
175.68
102.02
76.78
221.1
263.65999999999997
226.18
213.39999999999998
203.36
154.14
126.01999999999998
201.32
190.95999999999998
159.6
211.82
229.74
255.98000000000002
274.62
223.18
235.64
221.8
201.74
95.74
262.64
126.28
185.56
155.38
201.28
159.94
311.52
192.6
265.1
131.04
285.53999999999996
99.14
135.8
123.66
235.78
200.98
193.38
223.64
218.66
222.46
140.76
215.98
200.14
219.92000000000002
228.88
186.42000000000002
190.5
287.34
163.88
127.72
191.9
165.98
251.64
213.98
282.3
259.06
220.68
178.04
58.839999999999996
128.76
200.84
156.84
244.82
237.3
212.18
255.12
171.51999999999998
128.94
261.28
101.69999999999999
67.18
121.84
164.2
135.18
264.72
196.18
225.06
287.38
257.64
82.46000000000001
108.8
121.9
73.0
278.86
182.22
146.06
208.82
71.0
117.84
241.78
170.98
157.18
217.36
181.56
253.5
236.78
101.38
105.32
32.28
3.0
19.759999999999998
120.52
225.74
78.0
200.12
155.14
204.1
60.379999999999995
210.14
158.56
198.32
223.84
257.15999999999997
165.57999999999998
208.76
152.78
80.42
209.57999999999998
125.14
160.04
145.14
100.25999999999999
236.07999999999998
266.06
258.68
194.16
219.04
307.1
267.58
140.46
255.77999999999997
215.78
188.07999999999998
56.76
143.42000000000002
133.04
265.5
239.78
213.33999999999997
236.94
101.38
195.28
232.07999999999998
160.9
120.32
129.14
176.38
224.12
68.6
107.14
172.32
136.9
268.3
105.66
292.44
122.14
207.51999999999998
259.5
172.66
163.39999999999998
242.2
213.14
197.9
116.69999999999999
179.07999999999998
222.64
182.9
194.39999999999998
211.36
248.78
234.78
92.0
229.3
220.54
162.0
108.88
127.03999999999999
200.04
228.48
92.3
267.92
216.84
222.78
118.84
95.03999999999999
137.28
168.9
135.94
73.9
177.8
276.34
159.22
299.14
239.7
92.22
167.9
187.04
119.8
179.95999999999998
99.22
156.5
240.36
146.26
115.8
158.28
264.4
194.84
114.52
198.76
238.88
219.01999999999998
131.07999999999998
208.94
128.8
114.66
233.38
171.14
127.5
113.12
267.72
217.07999999999998
84.03999999999999
233.12
228.54
131.9
85.03999999999999
238.84
244.46
160.8
214.2
104.32
71.75999999999999
213.22
211.92000000000002
294.2
95.8
161.04
314.48
163.38
171.22
154.0
255.98000000000002
238.78
311.1
104.18
71.66
189.04
88.8
161.42000000000002
186.06
158.22
231.74
193.5
163.6
259.72
245.14
209.76
183.72
218.98
129.8
142.3
235.06
115.08
116.08
212.9
264.06
234.46
42.04
123.02
234.7
205.38
125.9
228.12
234.62
230.98
102.0
149.38
172.88
167.38
182.76
265.78
264.4
101.8
193.74
235.82
272.64
239.62
216.98
87.18
212.88
220.94
109.8
191.14
210.64
199.82
60.5
289.96
154.8
166.6
167.74
134.6
200.42
277.58
165.82
196.7
185.14
205.42
120.46000000000001
111.52
314.48
163.0
150.94
130.66
227.56
169.42
176.38
215.94
189.66
185.94
300.48
204.5
204.6
84.0
118.28
70.46000000000001
190.78
80.38
179.39999999999998
77.66
222.95999999999998
254.95999999999998
195.88
230.1
142.6
217.01999999999998
127.66
189.28
228.18
194.76
324.76
141.18
192.9
231.6
277.06
296.2
172.95999999999998
264.12
207.46
229.26
112.66
163.36
156.32
228.95999999999998
169.66
84.94
168.07999999999998
183.38
154.6
252.0
190.94
202.07999999999998
176.36
118.78
40.519999999999996
89.14
160.8
184.32
121.18
235.84
238.32
211.28
130.3
281.72
115.66
265.88
73.14
176.42000000000002
186.14
199.8
203.78
181.32
198.6
131.7
213.66
83.75999999999999
224.88
286.96
258.74
227.12
237.68
291.76
174.68
140.2
230.18
144.76
217.5
280.0
133.74
185.04
201.42
82.28
226.64
255.3
196.56
202.18
244.16
165.06
173.18
95.38
145.32
287.44
218.3
221.74
118.92
255.74
112.92
175.78
136.0
87.08
196.1
50.14
241.26
105.94
182.12
171.42
177.46
131.51999999999998
96.52
82.08
123.14
207.14
197.36
211.56
193.8
245.78
144.76
229.32
193.0
80.03999999999999
147.0
165.5
276.3
252.54
120.46000000000001
18.0
260.64
199.32
96.69999999999999
252.44
224.94
113.32
58.76
150.14
222.04
278.53999999999996
229.56
290.1
209.82
132.42000000000002
219.28
72.42
261.3
212.32
175.28
204.16
218.56
208.76
157.94
185.64
101.75999999999999
85.52
157.66
127.69999999999999
168.95999999999998
233.32
238.33999999999997
174.42
203.8
161.82
73.38
107.52
122.76
212.14
69.69999999999999
118.18
166.5
213.22
231.6
83.66
163.32
185.9
256.1
233.26
191.8
175.66
258.5
145.26
299.76
196.44
63.0
221.2
200.6
150.38
227.12
106.28
72.38
220.66
81.38
80.38
192.04
128.07999999999998
32.0
174.92000000000002
248.86
271.3
206.28
129.98
197.51999999999998
132.7
153.22
245.88
140.28
202.84
124.94
102.84
92.56
46.14
120.75999999999999
120.69999999999999
193.7
61.56
79.94
255.36
300.2
212.6
180.36
232.82
136.07999999999998
248.95999999999998
69.75999999999999
214.18
169.38
153.14
151.46
183.94
138.94
159.07999999999998
220.98
137.16
127.78
265.02
201.0
161.18
173.2
226.26
242.22
198.28
206.14
202.66
170.16
129.9
189.54
214.52
234.62
182.51999999999998
210.14
180.6
168.07999999999998
87.94
79.52
227.07999999999998
207.9
114.97999999999999
152.18
162.6
97.78
157.28
198.94
145.46
21.9
165.51999999999998
235.12
129.51999999999998
229.56
165.5
90.66
163.16
158.38
171.18
206.9
73.52
138.38
51.0
253.68
231.18
296.0
184.39999999999998
298.9
104.9
262.68
280.15999999999997
179.04
137.8
131.14
251.92000000000002
265.64
78.38
217.42000000000002
159.38
256.12
279.72
156.66
82.28
231.18
113.38
185.57999999999998
171.7
171.38
180.16
157.2
191.12
210.16
106.6
200.98
253.12
212.82
136.7
219.36
249.92000000000002
245.46
255.38
241.1
180.5
254.12
154.14
271.92
171.78
177.66
27.52
206.32
203.07999999999998
167.07999999999998
234.94
145.38
151.8
73.25999999999999
261.38
245.88
268.15999999999997
89.38
183.84
258.26
118.0
132.76
264.5
201.64
127.03999999999999
236.12
240.26
183.38
130.28
251.12
206.16
172.82
278.76
238.92000000000002
203.2
210.51999999999998
166.9
168.46
142.18
125.56
259.1
67.08
124.74
169.98
248.1
230.32
190.84
129.38
224.7
301.86
213.9
78.42
138.6
301.03999999999996
220.5
173.14
161.46
171.28
113.66
193.76
256.74
319.24
129.38
182.66
234.22
144.42000000000002
98.03999999999999
114.76
169.3
205.54
67.28
220.12
39.14
208.52
94.39999999999999
198.7
231.92000000000002
168.68
289.44
257.96
298.2
248.88
222.84
86.0
179.88
187.64
288.82
189.8
255.39999999999998
185.28
190.32
172.14
233.84
224.07999999999998
151.7
159.42
109.8
252.3
160.82
130.51999999999998
168.51999999999998
17.0
213.22
311.48
171.52
224.26
249.3
102.14
35.519999999999996
214.66
130.39999999999998
131.3
125.3
161.42000000000002
203.92000000000002
298.82
232.68
174.9
94.03999999999999
242.7
275.48
216.78
35.76
219.7
313.24
111.66
188.22
137.2
120.08
205.46
203.64
149.46
175.07999999999998
142.3
204.76
269.15999999999997
230.86
325.38
182.5
168.32
221.8
250.57999999999998
162.56
85.38
174.06
218.28
173.04
143.64
171.26
256.78
217.18
272.4
227.12
219.98
138.72
172.7
204.51999999999998
117.18
172.66
185.94
263.34
139.36
68.56
98.52
214.66
72.18
225.56
54.8
50.0
187.39999999999998
231.46
263.5
167.22
283.28
137.5
236.57999999999998
267.4
298.62
207.94
131.98
282.92
167.12
234.7
67.32
193.6
279.86
189.76
288.68
231.86
209.66
299.34
220.68
130.76
212.22
215.94
179.92000000000002
109.28
146.36
193.5
167.66
174.9
74.18
176.18
196.9
241.46
283.34
122.42
197.8
105.66
176.74
202.38
213.5
233.5
272.1
182.38
207.42000000000002
249.51999999999998
169.8
195.42
191.01999999999998
171.32
216.16
118.36
77.28
194.94
173.38
217.56
131.66
39.0
99.0
183.26
164.04
208.14
139.66
174.38
265.34
125.32
81.52
242.54
92.32
168.04
186.22
196.0
289.62
94.42
157.66
111.9
234.76
135.39999999999998
283.68
228.7
118.28
151.9
177.18
177.32
120.66
244.98
228.5
137.78
112.75999999999999
206.66
205.26
192.28
126.84
159.9
254.5
216.16
209.92000000000002
238.48
198.16
200.57999999999998
205.3
152.26
94.08
82.66
137.14
172.8
176.8
244.86
73.94
221.12
256.12
201.76
192.92000000000002
141.66
166.6
177.28
270.48
264.5
214.18
295.72
205.78
174.0
202.7
229.88
210.22
87.08
200.51999999999998
197.14
234.01999999999998
246.46
118.0
179.38
147.0
189.26
143.39999999999998
112.02
166.38
197.76
164.7
248.6
250.6
165.28
238.26
196.32
139.9
149.0
201.38
227.64
159.22
217.56
173.64
109.75999999999999
172.6
290.06
130.84
154.32
40.28
191.56
221.8
217.26
164.84
96.28
204.22
75.38
83.84
129.32
77.9
93.0
199.24
83.28
208.98
303.14
264.78
264.38
290.06
151.28
166.52
269.53999999999996
158.9
188.38
76.14
96.78
156.28
201.8
192.7
266.78
226.12
164.46
196.88
218.32
209.36
85.94
160.84
135.0
92.9
215.22
286.1
211.9
197.94
195.66
97.14
124.38
101.03999999999999
163.14
189.22
179.28
163.12
131.66
95.38
165.57999999999998
195.8
100.52
141.98
124.28
129.44
71.25999999999999
94.14
194.04
127.03999999999999
241.82
193.0
215.07999999999998
188.46
187.9
148.46
191.78
247.92000000000002
172.42000000000002
246.06
222.36
58.14
189.7
218.16
170.51999999999998
200.04
225.06
169.38
86.46000000000001
91.52
201.8
125.5
252.6
83.9
191.44
245.64
286.48
223.68
57.519999999999996
80.0
235.95999999999998
226.22
128.6
111.42
226.44
217.2
122.74
211.06
259.78
249.78
164.18
152.94
143.38
253.82
218.18
109.52
191.46
255.15999999999997
107.18
239.2
218.18
208.98
112.14
200.9
221.04
220.84
157.48
210.04
46.0
199.7
109.46000000000001
68.38
247.78
146.32
271.02
72.76
95.94
227.54
251.2
176.04
135.18
163.07999999999998
136.5
263.68
200.6
216.32
206.0
76.9
197.06
282.72
247.95999999999998
202.57999999999998
186.7
172.95999999999998
211.8
235.22
332.14
270.64
239.6
98.18
185.32
259.74
155.9
243.36
222.07999999999998
168.56
180.0
107.56
318.24
273.02
127.74000000000001
173.26
145.56
167.0
163.04
201.22
182.68
199.52
196.26
270.76
126.38
191.56
105.56
190.7
271.3
188.28
180.04
117.9
13.0
245.16
97.52
293.48
202.28
175.66
208.7
140.22
181.52
166.92000000000002
197.68
198.26
157.32
130.38
200.84
216.18
242.01999999999998
226.22
274.4
216.16
227.42
82.66
203.66
251.74
216.72
239.88
196.38
22.0
201.22
236.78
50.42
230.07999999999998
82.75999999999999
193.76
237.46
150.66
188.39999999999998
146.8
47.76
278.78
209.07999999999998
316.52
118.5
263.44
220.98
167.46
63.22
186.94
315.86
205.28
189.88
97.8
44.0
187.26
223.24
130.26
157.36
136.6
83.94
122.52
200.07999999999998
312.62
163.76
305.96
162.04
226.7
103.46000000000001
236.7
163.82
234.72
181.6
189.8
249.74
235.46
177.14
156.6
171.38
257.34
210.16
230.33999999999997
178.72
197.98
169.0
185.52
230.16
122.76
150.28
179.12
180.76
196.28
212.12
232.33999999999997
162.78
299.34
241.33999999999997
83.84
272.58
202.0
239.92000000000002
184.9
211.52
63.31999999999999
255.98000000000002
224.01999999999998
144.07999999999998
192.76
267.58
72.0
218.98
109.18
320.0
219.54
134.18
209.22
245.88
233.12
143.84
159.14
105.0
272.24
222.86
124.28
90.14
196.2
191.66
93.94
266.02
288.9
183.9
177.01999999999998
175.32
167.01999999999998
174.72
201.76
186.28
201.6
169.88
180.76
177.6
122.56
126.5
115.42
297.34
175.9
203.88
111.66
196.0
242.22
124.94
131.28
253.48
141.38
281.2
149.76
188.54
165.12
204.5
142.46
246.5
149.07999999999998
137.76
98.8
180.32
209.6
202.5
75.08
259.76
150.0
192.94
218.68
207.84
228.7
87.8
250.54
240.01999999999998
152.78
177.51999999999998
221.04
316.0
206.56
164.38
207.5
128.18
76.14
232.06
201.39999999999998
156.74
153.0
247.62
245.74
215.46
116.38
135.38
152.98
226.1
54.519999999999996
58.56
161.9
221.32
170.88
190.66
107.28
20.38
158.76
226.22
220.7
268.15999999999997
142.14
196.12
110.42
204.16
157.88
163.07999999999998
253.26
205.56
90.69999999999999
262.5
242.3
283.44
187.5
275.4
202.98
189.66
124.66
205.8
169.28
132.0
189.3
47.66
171.46
250.39999999999998
68.08
291.68
289.34
303.65999999999997
35.14
234.46
192.7
173.7
197.2
197.12
147.14
266.64
139.76
87.0
90.9
124.66
141.9
177.84
169.9
39.9
166.38
142.51999999999998
253.78
203.52
107.28
125.8
236.32
194.14
290.72
182.66
323.76
190.38
127.9
284.06
137.12
18.38
253.64
326.38
121.18
319.62
190.14
199.66
213.51999999999998
212.8
184.6
283.2
153.14
132.76
193.54
208.52
247.5
231.18
243.3
77.66
146.42000000000002
200.46
202.38
129.32
219.28
200.6
208.36
157.04
138.76
164.38
192.28
207.64
238.48
92.38
176.07999999999998
232.56
195.38
164.51999999999998
88.69999999999999
207.07999999999998
107.52
107.22
159.94
212.8
170.2
140.14
205.56
237.32
228.74
83.84
171.22
204.98
162.36
179.56
172.38
197.04
319.52
221.32
229.07999999999998
67.6
169.42000000000002
158.24
116.8
231.7
168.8
245.88
211.32
151.66
213.28
255.26
121.52
84.14
158.38
82.75999999999999
117.03999999999999
195.76
163.7
82.14
139.64
108.12
185.76
226.1
96.52
305.34
242.54
276.4
208.6
248.88
77.22
178.88
199.68
189.5
51.04
211.18
152.76
139.16
161.04
168.94
209.74
300.72
203.52
242.07999999999998
183.28
227.39999999999998
306.86
186.9
179.78
255.01999999999998
210.76
209.26
159.9
207.14
127.9
179.56
111.03999999999999
193.22
203.7
231.72
159.07999999999998
245.12
160.07999999999998
256.64
111.42
177.84
279.82
128.38
254.36
149.04
240.16
133.36
207.64
175.74
138.06
145.5
141.04
199.39999999999998
179.38
229.01999999999998
159.07999999999998
130.42000000000002
161.8
156.44
153.9
171.98
166.56
211.28
218.66
298.34
157.78
308.0
206.07999999999998
139.28
172.0
165.46
252.12
121.52
151.32
261.12
141.28
248.12
263.02
268.64
127.0
177.28
204.42
149.42000000000002
57.46
210.54
228.1
182.51999999999998
122.9
146.0
211.84
230.94
207.04
166.04
184.16
167.26
299.86
168.7
190.76
151.7
225.84
252.88
188.04
224.7
120.0
131.28
137.42000000000002
196.38
199.07999999999998
117.75999999999999
115.66
187.9
116.5
229.7
239.98
108.18
251.01999999999998
275.34
201.22
232.01999999999998
204.98
165.66
233.56
124.0
98.36
272.53999999999996
183.7
65.28
145.42000000000002
142.32
206.14
200.6
206.01999999999998
102.56
191.16
192.9
92.38
226.64
203.01999999999998
129.32
259.48
193.28
203.8
200.12
136.38
217.28
184.0
178.51999999999998
191.18
175.07999999999998
130.64
208.52
237.48
248.92000000000002
136.56
198.36
266.24
313.0
164.5
77.88
235.68
173.06
94.0
151.14
181.68
186.6
158.07999999999998
126.28
230.98
92.97999999999999
297.44
163.51999999999998
136.12
230.01999999999998
211.98
196.42
298.48
118.0
293.82
187.56
165.18
236.74
209.64
145.22
151.28
177.64
219.42
197.46
246.84
200.66
161.0
166.14
221.46
163.88
282.2
282.14
187.66
239.6
205.14
110.9
215.52
278.78
181.28
185.66
102.52
117.84
96.0
78.66
235.32
104.56
114.32
322.65999999999997
49.14
181.22
126.80000000000001
88.28
209.57999999999998
156.74
197.38
131.94
166.04
250.22
262.53999999999996
203.26
234.01999999999998
145.76
142.76
197.46
284.82
163.76
171.74
210.12
171.74
180.5
169.56
225.42
198.28
116.03999999999999
229.32
108.9
180.51999999999998
299.2
196.8
216.46
202.9
156.46
209.64
144.9
278.92
244.88
144.36
95.0
11.379999999999999
161.1
254.2
286.72
206.9
171.26
115.02
93.52
169.68
139.32
171.22
222.95999999999998
222.18
144.56
222.98
282.82
154.28
211.36
185.84
202.66
200.14
145.46
236.74
118.94
274.1
191.88
185.32
288.82
243.48
63.75999999999999
156.38
241.78
113.03999999999999
185.52
141.76
204.5
117.67999999999999
221.64
205.04
217.6
157.9
182.1
179.46
224.54
198.7
219.42
263.58
208.2
192.28
261.12
107.76
183.95999999999998
177.5
123.22
214.94
215.06
132.84
163.36
228.5
187.07999999999998
170.33999999999997
145.56
212.06
156.6
292.72
151.2
295.58
170.42
315.65999999999997
183.94
70.66
125.22
160.57999999999998
138.76
125.66
113.03999999999999
81.9
201.04
86.08
218.98
163.7
111.39999999999999
139.98
128.42000000000002
196.18
142.54
216.98
227.78
182.04
146.14
238.68
81.0
232.78
139.8
110.32
133.04
229.92000000000002
203.82
157.84
224.54
295.58
109.78
146.84
135.64
166.0
184.32
163.52
70.14
140.88
262.26
253.14
235.32
226.39999999999998
174.36
102.18
114.6
322.14
224.92000000000002
273.2
170.38
76.38
182.72
86.84
286.58
176.14
98.03999999999999
191.94
221.7
249.88
160.0
159.46
113.88
226.6
205.94
148.76
180.14
102.02
211.04
193.7
194.74
202.76
156.78
281.2
247.98
211.39999999999998
232.32
189.92000000000002
288.58
221.32
228.5
149.7
90.42
203.76
233.12
161.01999999999998
171.84
201.76
92.64
208.54
326.28
81.8
228.46
249.12
119.36
151.56
107.8
33.14
127.46000000000001
288.06
231.6
199.88
233.54
191.18
201.88
261.53999999999996
159.14
215.07999999999998
147.6
293.58
262.4
207.98
154.56
160.28
267.68
289.2
233.12
201.9
156.76
216.26
159.18
139.04
214.8
116.56
248.84
249.74
168.32
293.96
205.07999999999998
255.01999999999998
224.33999999999997
259.68
296.62
248.06
149.64
210.07999999999998
86.16
50.66
223.66
272.15999999999997
189.51999999999998
248.82
160.38
130.0
180.5
156.76
44.32
196.76
155.14
162.6
226.04
204.84
216.04
67.52
243.12
171.66
318.62
119.14
100.28
62.28
83.84
150.07999999999998
120.9
255.51999999999998
167.74
126.84
183.88
19.0
291.62
199.8
114.66
121.69999999999999
195.38
305.48
95.56
96.42
273.82
199.76
90.97999999999999
178.76
257.78
33.519999999999996
161.38
114.38
155.26
220.68
193.9
196.7
191.0
156.06
279.68
241.7
104.38
64.94
144.04
114.36
215.7
256.88
281.15999999999997
139.38
64.84
244.48
150.14
144.9
69.28
211.04
119.69999999999999
212.07999999999998
270.26
123.69999999999999
265.78
100.42
176.94
173.28
185.7
192.18
275.82
249.6
222.94
189.28
154.7
109.75999999999999
179.14
118.8
201.14
177.78
136.04
158.14
184.51999999999998
299.52
255.82
186.32
222.04
183.52
231.88
247.78
163.14
205.0
218.92000000000002
74.75999999999999
271.26
130.98
198.78
179.5
243.39999999999998
180.52
152.28
82.08
183.78
223.04
220.1
150.64
194.42000000000002
199.46
188.38
144.22
224.57999999999998
112.9
215.57999999999998
234.36
212.8
184.78
178.98
131.7
230.26
147.36
224.32
197.42
161.8
232.82
117.28
74.14
229.7
165.7
179.98
171.07999999999998
282.96
97.66
240.95999999999998
216.9
185.32
201.12
190.51999999999998
37.66
204.04
213.56
153.74
213.92000000000002
158.64
113.25999999999999
210.6
271.1
162.38
165.06
256.02
171.14
295.96
251.82
151.88
172.76
70.03999999999999
263.26
234.54
192.22
235.98
132.8
191.42000000000002
169.44
246.72
238.22
100.9
302.0
284.68
57.32
307.72
290.68
190.64
317.76
141.95999999999998
113.42
146.42000000000002
108.12
280.2
272.06
219.98
60.0
107.74
153.51999999999998
202.32
132.06
231.62
98.14
166.72
109.56
266.3
156.8
139.14
179.68
193.94
198.84
42.0
313.1
265.0
123.28
235.24
236.92000000000002
241.7
197.12
136.6
201.14
144.26
216.78
239.22
168.76
203.18
172.28
180.66
79.88
157.16
286.3
232.78
216.9
199.95999999999998
202.28
305.72
111.6
183.84
145.38
123.14
198.28
201.38
298.14
269.78
197.84
260.5
168.28
259.4
174.51999999999998
133.01999999999998
264.64
174.38
275.1
216.01999999999998
108.66
114.44
156.24
250.68
177.26
125.02
194.28
201.46
207.46
154.0
150.04
188.0
195.14
208.04
174.04
211.14
86.66
104.42
270.15999999999997
177.46
105.39999999999999
261.92
195.5
76.94
187.6
200.18
243.5
239.39999999999998
183.12
216.84
270.64
242.6
65.12
236.64
119.08
268.38
196.76
189.6
51.519999999999996
78.52
152.16
297.24
146.28
151.26
166.38
148.56
173.3
211.76
147.32
233.98
133.42000000000002
124.74
222.54
243.5
257.92
251.86
144.56
252.36
12.0
265.92
158.39999999999998
184.16
185.28
145.22
139.04
188.48
202.78
279.92
188.0
225.42000000000002
186.92000000000002
163.38
168.68
241.6
221.16
221.8
278.38
181.42000000000002
203.7
184.44
261.96
218.46
131.14
52.28
233.56
133.56
218.92000000000002
145.64
201.36
152.84
237.33999999999997
269.64
155.46
120.9
98.94
34.76
181.52
182.9
204.36
257.96
221.36
175.6
179.18
212.26
176.84
197.28
123.03999999999999
174.12
247.6
62.66
289.0
264.26
192.38
239.74
94.03999999999999
154.76
185.94
220.66
193.0
174.28
228.6
229.88
237.16
194.18
122.38
173.22
196.14
14.0
164.46
63.0
132.0
244.74
266.34
145.8
51.18
185.78
231.33999999999997
170.07999999999998
195.76
245.6
253.1
86.66
253.95999999999998
179.32
151.94
229.94
153.84
265.64
185.98
75.5
217.2
182.95999999999998
214.56
189.04
205.28
130.0
202.82
38.519999999999996
208.18
77.28
180.24
117.38
242.64
246.57999999999998
199.39999999999998
180.36
212.04
162.76
189.2
208.6
58.14
214.06
205.36
131.26
128.32
215.5
164.72
66.9
201.18
133.33999999999997
142.18
197.51999999999998
123.52
284.3
242.33999999999997
152.5
177.04
222.66
83.66
217.94
175.9
219.46
187.66
271.64
312.48
258.64
106.16
165.14
243.07999999999998
196.54
137.0
203.9
156.14
173.0
249.06
141.12
226.84
259.74
37.0
216.22
204.66
103.8
179.7
178.46
125.52
205.78
252.92000000000002
249.26
182.66
199.56
124.75999999999999
231.18
80.28
186.9
313.76
157.0
174.18
114.74
240.07999999999998
148.66
273.02
189.14
138.9
271.02
217.94
68.97999999999999
276.78
159.18
132.07999999999998
202.07999999999998
251.06
150.66
155.66
154.84
109.46000000000001
218.18
244.22
124.74
112.28
200.88
197.5
291.48
286.14
166.26
202.38
196.07999999999998
268.48
141.7
287.68
87.08
112.38
86.88
154.74
150.38
214.94
231.01999999999998
231.78
210.36
215.28
7.0
42.379999999999995
180.94
217.39999999999998
225.07999999999998
117.8
177.07999999999998
55.9
241.01999999999998
240.64
134.76
255.36
160.72
229.44
147.7
107.46000000000001
284.3
124.18
173.68
225.0
185.42000000000002
277.34
215.56
189.56
155.6
138.14
206.51999999999998
195.22
151.36
122.46000000000001
254.36
188.14
281.72
224.12
198.82
163.04
307.86
214.51999999999998
154.24
208.8
88.64
206.0
297.24
52.0
146.68
217.32
156.95999999999998
184.2
68.03999999999999
226.98
173.3
218.46
255.36
145.38
131.6
199.76
223.72
58.9
184.6
232.6
237.36
78.32
196.44
302.96
114.76
232.12
320.62
260.58
194.07999999999998
103.38
171.51999999999998
243.46
189.56
196.28
174.36
81.9
167.84
191.14
247.16
87.25999999999999
93.08
177.54
262.02
197.92000000000002
207.8
225.18
236.7
204.88
227.5
119.96
135.94
185.18
210.51999999999998
131.84
267.26
148.98
336.65999999999997
236.6
222.32
250.82
214.28
207.16
224.3
184.04
100.38
188.88
231.57999999999998
138.7
283.0
150.04
228.86
87.75999999999999
138.54
208.18
199.42
247.64
228.54
231.88
205.94
157.8
270.26
174.98
192.7
192.54
123.46000000000001
136.9
194.64
157.32
165.46
87.25999999999999
99.14
184.06
228.94
226.3
141.68
192.39999999999998
97.97999999999999
195.8
209.28
243.04
229.33999999999997
69.14
251.22
63.42
172.76
160.07999999999998
222.64
216.98
247.64
300.52
202.76
175.12
279.52
201.9
158.26
196.48
139.0
260.12
21.66
189.74
196.44
90.64
115.38
180.74
180.84
223.54
229.6
200.42
227.24
171.62
299.03999999999996
217.56
148.9
242.7
179.94
115.69999999999999
126.13999999999999
285.44
233.5
193.46
77.9
224.92000000000002
198.98
29.38
180.92000000000002
176.0
216.32
249.33999999999997
208.86
124.0
184.51999999999998
220.22
231.32
96.38
111.28
117.22
139.51999999999998
237.22
122.18
203.56
228.92000000000002
238.7
246.84
253.64
158.14
95.94
118.38
234.92000000000002
65.03999999999999
20.759999999999998
195.8
113.8
145.98
25.14
274.53999999999996
225.74
172.07999999999998
110.28
134.36
223.22
73.8
102.76
259.4
53.14
266.48
191.5
107.9
174.22
225.54
6.0
207.18
215.94
189.26
240.36
187.95999999999998
274.3
243.88
208.42000000000002
183.32
202.39999999999998
154.28
233.78
157.56
188.66
255.74
190.39999999999998
215.28
238.01999999999998
22.52
184.32
286.2
198.32
185.01999999999998
183.38
235.22
156.52
76.22
133.56
169.6
201.07999999999998
80.66
39.379999999999995
192.26
88.22
106.18
225.46
98.18
186.9
201.42000000000002
205.94
92.22
185.88
209.42000000000002
199.2
211.22
180.36
270.02
172.51999999999998
182.56
211.32
284.58
127.03999999999999
127.5
250.74
199.28
111.03999999999999
224.54
262.1
292.82
229.18
276.62
169.0
124.8
283.53999999999996
134.9
172.0
296.24
178.1
226.39999999999998
148.98
185.98
276.0
206.76
186.44
277.3
94.28
205.66
207.36
102.14
203.84
178.74
66.75999999999999
130.51999999999998
211.78
134.42000000000002
137.39999999999998
207.66
274.2
215.07999999999998
228.94
205.22
176.9
256.34
115.75999999999999
209.5
118.75999999999999
250.16
244.64
182.04
133.0
175.0
206.04
119.56
304.62
242.33999999999997
125.14
184.57999999999998
93.32
282.3
194.07999999999998
122.53999999999999
192.56
203.88
200.57999999999998
99.76
222.98
253.78
249.39999999999998
316.76
94.22
94.67999999999999
182.95999999999998
176.76
50.42
198.95999999999998
80.75999999999999
186.78
152.07999999999998
239.84
166.14
89.8
169.04
231.16
181.76
48.519999999999996
257.64
151.32
136.28
208.42
328.9
196.9
146.8
67.38
221.7
161.68
104.16
156.7
220.66
71.69999999999999
88.75999999999999
17.14
190.0
22.52
229.06
126.0
290.82
220.44
325.38
262.44
205.38
204.42000000000002
237.12
178.88
239.22
160.64
254.26
89.69999999999999
210.68
147.66
196.32
182.32
196.74
292.0
132.28
162.32
225.84
81.18
185.42000000000002
140.7
133.9
127.25999999999999
182.76
107.94
65.14
159.06
213.64
277.78
125.18
211.32
69.0
214.9
81.75999999999999
252.92000000000002
234.3
215.62
151.82
194.54
219.07999999999998
123.03999999999999
86.97999999999999
188.42000000000002
168.62
177.78
263.4
177.18
197.36
177.14
102.78
244.98
190.76
184.38
223.12
132.9
57.04
219.12
265.3
247.12
201.8
103.76
252.12
163.68
208.01999999999998
209.26
126.38
146.7
239.36
152.0
180.7
276.92
282.0
255.38
109.0
159.32
126.32
104.38
91.22
147.68
208.18
173.01999999999998
99.38
102.28
169.5
178.46
215.94
217.8
205.52
135.94
227.3
149.04
223.7
246.98
189.38
179.8
80.8
215.74
178.38
128.18
197.51999999999998
238.54
126.18
237.3
233.46
236.26
219.7
124.39999999999999
189.66
263.12
11.0
256.36
188.56
237.22
92.6
140.98
81.64
180.44
333.28
160.98
189.14
130.84
281.96
216.7
257.74
69.18
120.52
135.6
213.14
55.56
211.14
191.84
250.01999999999998
262.44
109.66
123.69999999999999
227.44
212.32
117.78
189.76
261.14
195.38
161.51999999999998
209.01999999999998
250.12
211.36
161.92000000000002
90.08
277.34
164.36
207.94
102.0
265.26
227.26
228.22
166.14
216.64
188.0
101.28
183.18
145.26
192.98
108.76
65.8
209.9
111.08
113.14
220.48
187.22
165.12
165.66
82.9
69.14
231.84
281.44
141.26
157.62
136.51999999999998
181.64
92.14
179.9
66.75999999999999
136.38
190.51999999999998
265.72
103.22
151.76
163.07999999999998
109.52
251.28
235.46
151.36
305.38
212.18
212.3
182.92000000000002
107.28
233.92000000000002
145.01999999999998
280.68
56.76
207.98
232.64
127.75999999999999
87.38
160.76
249.36
221.28
140.94
134.1
214.56
166.7
218.04
48.8
182.32
221.2
208.56
164.56
178.56
54.98
183.54
200.51999999999998
201.36
222.04
155.66
120.06
170.18
128.51999999999998
203.24
189.84
178.04
270.4
179.07999999999998
221.22
113.22
180.56
306.76
275.96
146.36
122.32
150.51999999999998
288.28
178.16
187.76
251.22
131.38
140.28
182.38
149.22
132.38
191.32
265.82
115.18
140.74
210.1
226.94
131.18
257.64
123.46000000000001
213.32
25.0
208.2
278.86
234.46
269.92
154.95999999999998
288.3
203.51999999999998
246.1
133.7
95.88
112.44
247.44
212.52
180.66
65.38
214.68
260.53999999999996
166.28
101.52
184.22
242.7
255.44
57.18
172.57999999999998
165.66
116.0
154.04
268.3
190.04
240.06
200.57999999999998
160.06
175.16
207.14
102.94
111.32
122.9
295.1
188.66
79.38
175.64
160.66
196.56
141.26
185.28
160.12
286.1
267.92
219.39999999999998
178.5
208.56
45.0
255.53999999999996
210.57999999999998
282.0
193.82
143.72
258.64
125.8
214.26
44.32
151.94
116.94
129.76
157.28
210.6
93.03999999999999
250.22
127.9
237.07999999999998
181.42000000000002
240.98
158.57999999999998
207.28
132.74
138.42000000000002
89.0
260.64
217.32
71.14
142.46
140.04
176.51999999999998
203.28
143.94
86.08
226.68
158.46
192.57999999999998
210.18
156.28
108.69999999999999
301.34
186.38
6.0
249.01999999999998
142.28
69.14
100.56
280.15999999999997
96.66
214.92000000000002
254.2
187.56
120.97999999999999
171.66
209.66
205.8
190.26
154.9
231.3
132.66
105.84
21.9
135.9
122.08
270.64
192.3
84.25999999999999
201.82
237.92000000000002
67.8
236.07999999999998
175.04
116.9
241.54
131.42000000000002
81.18
226.07999999999998
196.46
237.3
303.0
177.56
243.54
126.51999999999998
155.14
144.28
212.46
67.94
301.96
184.7
235.98
227.94
156.8
204.94
308.34
223.07999999999998
95.9
113.9
189.18
221.86
198.18
107.56
58.0
127.51999999999998
239.07999999999998
167.7
276.96
280.65999999999997
197.01999999999998
161.98
136.84
244.84
149.9
223.66
229.32
129.26
220.32
182.6
148.66
223.18
155.82
210.9
206.88
208.76
98.84
216.98
174.8
160.95999999999998
179.94
178.9
178.51999999999998
229.44
233.39999999999998
165.8
129.8
47.66
141.5
177.8
275.86
120.22
243.16
208.68
293.14
246.88
274.06
266.26
224.94
270.24
155.74
228.07999999999998
203.74
245.16
38.0
223.92000000000002
228.07999999999998
223.36
213.22
245.92000000000002
241.26
81.75999999999999
270.06
274.92
176.94
228.54
212.54
155.38
171.32
122.0
211.07999999999998
70.14
240.95999999999998
266.26
263.41999999999996
175.5
174.12
206.54
233.84
228.92000000000002
115.94
215.92000000000002
187.06
73.0
235.26
161.07999999999998
105.64
76.6
158.64
213.56
230.84
173.54
248.78
75.69999999999999
133.0
162.68
206.52
173.14
227.8
179.76
177.3
231.7
192.38
90.6
55.66
248.88
268.1
266.64
273.34
117.97999999999999
222.36
231.07999999999998
119.94
129.51999999999998
149.54
208.36
98.14
130.51999999999998
126.46000000000001
285.68
188.18
165.56
96.52
170.7
140.07999999999998
212.78
251.88
213.28
220.68
187.76
116.88
176.94
178.14
207.6
231.56
189.14
179.7
99.84
189.76
188.9
250.2
189.04
251.74
176.46
60.94
184.7
183.76
80.18
196.32
194.38
285.86
223.72
138.76
219.36
160.88
154.8
189.04
187.5
206.44
265.26
264.92
105.8
251.39999999999998
186.28
158.18
189.92000000000002
176.7
165.14
212.88
254.06
89.36
201.52
150.18
176.26
133.42000000000002
231.01999999999998
259.26
318.62
184.51999999999998
302.48
177.3
171.42000000000002
247.0
253.5
168.1
144.7
322.62
277.3
69.56
201.8
184.88
146.22
156.14
198.94
141.54
195.46
240.7
208.8
220.04
279.48
198.66
230.88
248.22
204.5
100.0
249.92000000000002
203.52
263.12
251.1
164.94
92.9
129.42000000000002
177.66
171.9
78.08
118.46000000000001
148.84
57.22
200.86
119.22
152.12
182.1
81.9
199.46
195.51999999999998
237.74
206.6
79.84
248.12
216.7
267.26
197.72
292.2
122.66
157.8
84.66
252.01999999999998
233.2
150.57999999999998
244.66
178.64
164.38
80.38
144.56
180.42000000000002
268.68
226.26
195.14
127.0
55.0
189.5
129.88
227.88
176.2
202.07999999999998
206.51999999999998
222.94
194.66
217.9
160.7
63.739999999999995
206.98
94.5
159.3
233.57999999999998
311.48
146.74
53.0
12.0
198.01999999999998
155.12
217.98
250.54
183.84
123.56
158.39999999999998
177.06
279.2
254.86
224.84
212.66
90.52
240.46
276.06
208.9
151.57999999999998
223.54
130.01999999999998
45.28
178.04
151.3
308.24
267.02
125.74
5.0
189.3
226.39999999999998
197.8
64.08
238.22
270.15999999999997
108.5
170.04
204.14
272.53999999999996
158.9
108.14
250.22
230.72
127.78
127.9
272.15999999999997
183.64
187.66
139.76
163.0
203.94
161.74
165.56
164.51999999999998
131.07999999999998
232.01999999999998
206.38
126.80000000000001
235.94
250.22
246.16
197.64
197.38
234.78
291.24
60.22
158.6
193.78
202.56
164.9
202.76
222.5
173.76
162.7
213.8
149.26
176.36
252.26
84.69999999999999
137.9
126.51999999999998
120.38
203.5
106.69999999999999
175.14
108.16
239.22
134.9
226.64
160.12
213.33999999999997
141.7
184.66
228.26
159.66
116.74
143.7
225.84
222.26
161.07999999999998
174.5
199.24
266.15999999999997
238.36
133.07999999999998
231.94
131.18
170.66
229.56
246.88
87.28
191.32
91.9
235.94
264.2
98.28
145.7
111.38
271.53999999999996
233.22
160.48
200.3
199.94
144.38
131.18
121.97999999999999
220.8
212.88
155.68
95.9
190.6
217.98
251.74
91.42
269.26
108.18
135.78
155.22
202.06
213.26
134.26
82.66
63.75999999999999
236.82
202.88
112.36
214.66
215.72
213.66
297.76
128.98
273.82
162.84
32.76
155.1
135.9
83.0
107.9
237.39999999999998
263.12
202.38
258.82
295.58
186.04
217.84
181.04
223.84
96.12
134.18
49.0
30.28
190.51999999999998
136.12
184.39999999999998
136.51999999999998
273.62
201.38
223.07999999999998
263.5
173.56
135.18
93.18
167.46
240.82
157.42000000000002
197.76
118.38
229.39999999999998
179.42000000000002
195.32
276.72
148.0
127.56
234.94
189.36
191.52
136.88
129.9
255.98000000000002
324.38
164.36
94.32
245.68
288.2
229.22
179.51999999999998
148.56
143.64
106.94
244.72
273.44
291.86
161.38
283.3
251.6
63.66
202.26
70.75999999999999
214.9
189.0
203.07999999999998
177.28
215.84
166.38
56.28
116.0
147.56
152.48
187.54
146.28
179.36
271.02
296.96
90.46000000000001
172.5
251.3
49.14
185.42000000000002
201.9
259.48
174.74
236.24
309.86
266.34
175.76
134.56
55.0
148.98
230.5
256.3
195.0
88.69999999999999
246.74
208.94
150.42000000000002
146.7
238.39999999999998
241.46
236.12
284.72
246.36
162.52
154.95999999999998
233.94
130.56
218.88
211.32
228.98
187.51999999999998
53.38
199.5
210.32
220.74
227.64
270.02
54.839999999999996
84.9
310.24
155.04
241.88
133.28
117.03999999999999
195.28
200.8
279.44
141.32
155.26
227.16
84.9
258.3
186.51999999999998
229.24
234.26
236.36
200.8
95.69999999999999
267.02
234.46
77.9
186.46
181.48
236.1
142.57999999999998
188.22
267.82
46.519999999999996
207.76
185.14
278.58
242.98
224.98
196.22
307.62
219.84
191.22
176.39999999999998
115.8
130.38
32.379999999999995
67.42
107.8
222.54
300.38
18.38
276.06
130.56
143.56
133.56
162.22
228.22
109.94
281.15999999999997
161.28
186.04
168.39999999999998
190.76
173.66
172.94
99.76
108.92
159.5
247.6
230.36
144.04
238.78
143.38
193.76
201.68
164.72
212.28
178.38
226.46
304.96
103.69999999999999
247.84
227.78
140.12
190.66
189.51999999999998
165.51999999999998
157.8
188.32
259.58
285.82
224.88
95.8
204.26
145.26
273.15999999999997
278.92
253.98
154.94
104.36
37.14
253.16
241.3
151.42000000000002
95.8
243.33999999999997
168.7
135.2
243.57999999999998
129.66
146.8
170.8
246.74
170.88
202.32
110.9
254.98000000000002
153.9
229.07999999999998
52.04
190.88
165.84
75.42
170.28
184.66
173.39999999999998
195.0
180.76
259.72
164.1
248.39999999999998
233.32
208.32
75.74
164.12
207.32
243.1
165.22
188.01999999999998
98.14
230.16
177.39999999999998
266.82
222.1
216.12
162.84
187.14
200.12
311.86
106.52
186.14
203.8
278.34
209.64
135.9
210.66
199.32
274.15999999999997
238.5
87.32
307.28
183.0
57.739999999999995
201.42000000000002
56.42
214.04
294.34
237.94
191.78
197.28
158.01999999999998
182.28
243.07999999999998
81.14
177.51999999999998
153.7
168.14
226.32
186.92000000000002
118.9
123.84
229.38
107.46000000000001
158.7
255.0
247.5
202.3
78.9
154.22
14.0
206.98
247.04
118.82
113.97999999999999
209.94
262.53999999999996
78.42
246.88
230.54
205.46
99.42
243.01999999999998
87.75999999999999
224.46
106.52
149.42000000000002
203.48
143.22
218.18
137.28
178.39999999999998
235.74
235.95999999999998
252.51999999999998
190.66
222.46
223.92000000000002
171.22
205.6
248.14
286.0
145.26
210.22
201.8
182.46
220.1
292.44
166.18
169.9
198.28
44.379999999999995
200.76
109.02
200.95999999999998
183.44
294.52
221.26
253.01999999999998
138.76
193.56
174.3
103.66
247.74
300.86
235.3
168.66
256.78
191.7
203.88
202.12
175.28
205.16
181.44
265.02
133.8
216.66
250.78
150.38
131.76
230.46
180.66
191.04
99.8
158.76
280.15999999999997
187.42000000000002
173.94
177.76
297.2
187.0
157.0
265.3
189.07999999999998
268.78
210.28
159.32
151.78
76.03999999999999
133.26
108.78
218.28
289.0
141.8
218.42
45.38
276.34
166.16
193.22
230.32
80.56
177.6
277.15999999999997
201.04
93.97999999999999
165.38
184.76
215.32
251.06
263.78
68.66
89.0
284.44
243.01999999999998
112.9
123.36
126.80000000000001
193.94
125.08
117.8
145.38
74.9
151.7
144.51999999999998
125.02
127.0
161.44
223.5
320.62
244.78
142.98
230.5
249.12
83.75999999999999
255.2
177.84
157.18
206.18
105.36
76.08
187.6
167.32
138.46
197.32
116.9
279.78
181.38
166.94
267.24
188.28
202.07999999999998
225.36
284.06
140.24
147.32
204.14
189.28
310.48
311.24
93.3
201.94
217.94
259.15999999999997
90.94
286.44
200.92000000000002
194.74
272.64
112.0
220.42
280.34
165.64
250.64
241.68
204.42000000000002
195.8
231.38
218.44
192.84
161.6
182.66
150.66
119.66
197.32
201.51999999999998
230.39999999999998
231.7
153.18
141.07999999999998
170.24
118.52
153.8
215.33999999999997
144.8
98.18
232.16
138.5
282.76
235.12
66.03999999999999
161.92000000000002
91.69999999999999
129.28
144.0
159.92000000000002
59.8
129.98
52.9
146.78
217.66
215.98
80.32
270.02
217.9
196.98
53.76
205.12
138.88
103.08
81.28
44.76
91.66
102.88
196.88
114.76
229.8
155.26
193.5
210.9
191.84
250.01999999999998
136.64
170.52
41.9
197.76
136.9
256.64
238.32
272.4
334.52
197.88
122.52
214.6
197.5
156.14
86.75999999999999
231.07999999999998
192.04
168.42000000000002
174.07999999999998
123.22
250.64
132.66
219.5
267.02
215.98
144.46
270.2
230.6
155.42
58.94
203.04
127.62
229.98
130.28
263.24
174.6
224.56
103.08
304.0
128.26
186.16
195.04
100.06
250.22
160.6
210.9
249.98
299.58
255.53999999999996
185.22
269.72
184.32
160.26
100.42
130.36
93.14
67.66
80.9
118.39999999999999
107.28
139.7
68.38
73.38
200.0
287.48
165.04
77.14
202.22
123.03999999999999
125.76
226.88
284.58
132.74
224.64
312.65999999999997
172.07999999999998
272.64
160.78
233.12
220.8
228.36
199.14
162.8
217.12
11.0
161.78
210.56
135.28
150.14
56.0
265.1
260.5
145.7
283.72
158.12
178.01999999999998
140.28
248.26
199.28
138.18
281.0
117.6
281.06
268.26
96.14
211.42000000000002
224.84
89.08
167.51999999999998
181.32
208.62
220.88
103.56
170.32
147.14
174.46
296.0
185.28
149.8
122.56
252.44
83.25999999999999
247.64
241.16
180.28
206.04
187.26
212.14
134.0
263.5
138.8
241.57999999999998
172.07999999999998
286.14
212.84
182.74
229.98
167.14
223.32
142.38
131.38
50.9
283.53999999999996
219.38
121.03999999999999
177.22
266.02
211.39999999999998
219.3
170.14
231.57999999999998
267.82
223.04
228.36
126.28
166.78
99.38
243.22
185.56
163.6
90.97999999999999
130.38
8.0
108.84
268.38
202.86
169.04
125.02
71.74
100.46000000000001
197.95999999999998
153.98
74.38
210.14
233.57999999999998
239.38
194.56
138.18
158.84
233.56
279.3
218.66
100.6
206.6
322.0
224.32
188.64
203.04
270.64
201.51999999999998
164.48
301.34
137.14
222.42
159.54
205.88
242.1
169.18
253.92000000000002
285.2
177.32
94.56
271.3
146.51999999999998
182.56
30.519999999999996
156.94
232.46
157.38
125.16
144.42000000000002
249.12
203.28
221.04
184.95999999999998
284.82
281.96
166.32
147.94
176.04
261.5
220.5
189.94
170.18
98.67999999999999
143.56
238.84
125.6
181.06
205.39999999999998
220.46
178.33999999999997
77.32
222.7
133.0
268.24
139.01999999999998
190.98
241.14
190.76
183.28
220.66
114.12
234.74
102.46000000000001
171.76
55.76
301.96
207.42000000000002
242.12
130.98
84.14
139.18
108.18
287.06
115.94
206.04
241.46
295.1
118.88
140.5
126.80000000000001
70.69999999999999
129.18
126.94
221.46
180.6
215.54
185.72
186.0
189.0
44.46
194.64
234.51999999999998
256.02
184.04
139.9
225.3
129.98
232.54
199.24
210.66
99.0
223.3
195.14
257.74
213.32
138.32
234.7
90.14
233.3
101.02
255.5
147.78
253.36
180.51999999999998
223.56
213.6
50.519999999999996
74.38
212.36
157.74
96.08
188.22
184.5
54.66
165.64
149.22
48.66
186.6
267.1
195.9
72.46000000000001
145.04
250.98
207.42000000000002
241.84
165.94
139.76
123.12
156.76
57.32
135.64
23.759999999999998
173.8
182.14
153.57999999999998
254.01999999999998
280.82
168.9
71.18
239.07999999999998
247.06
39.14
109.22
227.94
204.36
202.52
205.38
211.78
212.3
62.379999999999995
80.56
227.5
117.94
112.42
126.53999999999999
120.9
44.04
253.12
166.22
199.32
126.69999999999999
65.08
106.25999999999999
142.76
255.2
200.26
131.07999999999998
253.39999999999998
111.9
254.98000000000002
216.26
143.66
287.48
150.32
166.42000000000002
231.56
125.8
249.39999999999998
243.46
160.74
203.14
203.3
102.74
188.32
143.14
212.5
179.39999999999998
200.5
100.42
257.26
145.04
97.39999999999999
188.98
209.74
243.3
148.32
138.38
58.08
300.1
195.07999999999998
222.8
47.519999999999996
228.54
245.33999999999997
224.32
191.88
94.56
232.0
91.25999999999999
243.2
145.78
203.32
221.6
209.38
204.6
96.03999999999999
208.94
210.28
146.42000000000002
144.88
294.06
105.67999999999999
185.36
287.76
222.68
88.14
176.04
110.8
159.28
171.14
200.46
224.8
152.38
89.03999999999999
137.0
216.32
114.28
98.75999999999999
297.96
239.64
266.53999999999996
325.38
127.80000000000001
247.78
180.9
285.0
157.66
210.98
185.14
265.15999999999997
188.74
192.22
193.94
145.66
184.28
151.8
105.18
131.14
202.28
89.22
231.32
251.64
239.84
192.12
163.38
206.92000000000002
192.76
268.03999999999996
242.64
159.2
210.9
171.56
170.22
193.32
179.06
211.66
197.12
279.48
259.26
122.9
127.80000000000001
129.5
170.32
244.98
135.32
222.8
194.28
61.14
207.7
262.48
178.78
282.2
119.32
118.94
185.9
97.38
188.51999999999998
148.88
235.32
236.88
201.12
116.02
125.38
169.92000000000002
164.07999999999998
201.51999999999998
207.76
221.22
201.9
200.84
181.12
227.95999999999998
89.52
155.94
206.32
175.66
125.47999999999999
194.52
90.14
128.38
206.9
171.39999999999998
139.84
142.9
165.07999999999998
226.07999999999998
97.28
128.66
273.44
102.46000000000001
151.0
209.22
224.74
201.38
113.0
143.0
224.84
231.39999999999998
203.42
243.84
232.24
135.07999999999998
220.56
238.64
108.5
228.7
220.6
223.39999999999998
124.0
233.98
130.38
169.76
90.32
180.32
213.78
254.88
206.0
189.3
55.379999999999995
152.32
167.0
264.48
96.9
157.56
38.28
180.9
231.74
109.53999999999999
187.52
230.22
181.42000000000002
178.52
201.14
91.69999999999999
198.04
224.2
243.06
138.04
153.68
204.56
250.26
136.38
191.5
185.26
274.38
184.14
199.76
159.46
226.8
65.75999999999999
170.94
234.72
99.97999999999999
238.7
220.22
122.14
112.36
108.8
155.38
213.94
173.64
240.84
281.58
179.66
264.0
271.3
189.22
262.02
292.96
242.06
233.32
176.76
230.84
198.94
147.51999999999998
223.46
87.28
208.04
163.22
198.14
107.08
260.53999999999996
252.64
265.53999999999996
212.54
162.51999999999998
157.14
210.46
57.98
156.84
144.28
183.9
221.44
42.46
232.07999999999998
207.42
74.42
195.07999999999998
270.96
205.28
133.92000000000002
262.5
141.9
209.26
117.32
136.88
202.42
211.22
264.26
207.8
221.56
194.66
77.28
235.46
199.64
186.74
200.33999999999997
202.76
176.62
174.76
166.5
108.97999999999999
11.0
78.03999999999999
222.01999999999998
150.42000000000002
259.12
52.36
168.6
180.38
169.56
281.48
160.32
226.32
176.28
153.57999999999998
62.75999999999999
138.8
180.92000000000002
294.06
207.3
125.08
321.76
243.33999999999997
204.42
175.28
233.12
207.36
200.14
253.78
52.04
151.04
146.6
83.0
120.94
222.6
171.94
280.72
109.66
125.18
135.98
194.18
190.94
117.64
273.4
164.22
174.56
234.94
151.18
122.84
225.8
218.32
218.8
86.14
136.06
121.46000000000001
155.14
67.42
106.53999999999999
233.07999999999998
166.14
258.15999999999997
180.07999999999998
177.12
156.66
235.56
191.26
195.66
207.18
260.82
61.42
255.5
220.56
139.46
71.0
119.6
140.9
246.54
232.18
86.38
276.68
29.28
254.74
209.6
215.6
158.04
239.98
295.44
198.64
216.22
169.3
142.7
102.42
193.04
200.46
170.38
293.58
106.44
113.14
227.46
93.92
161.12
163.42000000000002
66.38
158.84
20.0
249.88
155.51999999999998
226.12
176.74
53.379999999999995
196.38
163.18
151.92000000000002
176.28
257.44
272.06
202.51999999999998
217.56
191.6
212.6
233.32
298.38
240.68
91.75999999999999
126.9
138.76
108.9
229.8
189.28
160.38
290.48
209.66
258.74
80.0
164.28
175.14
234.5
106.22
216.46
205.51999999999998
163.7
151.28
130.12
289.68
186.38
131.7
89.42
86.38
89.0
174.16
242.39999999999998
305.1
142.51999999999998
130.8
188.6
142.82
144.94
135.14
69.32
159.8
188.42
77.18
264.53999999999996
89.22
184.94
158.6
243.57999999999998
147.0
298.14
154.5
89.8
165.6
141.32
175.9
181.51999999999998
128.78
205.94
202.07999999999998
231.1
235.6
177.66
192.07999999999998
87.14
59.04
144.06
124.18
269.96
270.3
231.6
164.14
277.53999999999996
137.28
190.86
216.44
83.18
200.46
170.38
199.9
214.66
185.46
254.48000000000002
109.5
185.74
259.88
158.16
298.34
183.64
174.22
260.12
170.38
119.03999999999999
252.95999999999998
183.2
223.84
256.26
263.24
291.82
49.0
167.9
206.0
108.38
225.46
165.2
192.74
109.56
191.84
133.98
274.15999999999997
159.16
182.78
237.07999999999998
223.07999999999998
247.92000000000002
239.26
249.68
194.92000000000002
161.01999999999998
141.94
174.36
180.01999999999998
53.14
204.82
200.12
112.8
124.66
199.64
139.7
231.07999999999998
186.94
239.64
80.36
225.98
213.56
184.12
246.74
76.38
255.68
196.18
233.32
148.84
208.78
216.28
224.56
222.2
156.88
214.68
213.12
197.76
151.88
198.94
304.14
150.76
190.04
69.66
168.33999999999997
210.56
132.66
120.76
288.65999999999997
154.28
226.54
187.38
186.66
243.64
183.38
240.24
197.98
203.66
191.57999999999998
119.76
274.58
203.51999999999998
168.76
270.78
155.32
148.0
105.0
197.9
156.76
201.9
213.94
258.58
259.3
180.07999999999998
208.76
94.69999999999999
267.2
174.12
249.36
197.8
217.07999999999998
173.0
152.14
185.33999999999997
145.66
58.0
230.7
154.04
212.07999999999998
212.04
211.78
181.56
262.02
133.98
162.8
273.82
318.03999999999996
163.74
137.22
219.18
78.46000000000001
281.14
221.22
155.64
292.96
188.3
61.22
32.379999999999995
91.28
76.6
162.7
165.32
192.38
214.28
238.74
213.42
224.5
169.56
129.76
276.44
112.6
207.36
198.98
213.18
174.76
143.38
239.88
223.78
252.9
197.38
157.66
212.66
214.28
216.3
228.3
279.15999999999997
276.48
210.66
308.14
122.92
182.94
159.8
228.12
249.12
130.76
211.6
242.95999999999998
97.84
182.38
213.32
154.88
130.51999999999998
231.32
294.0
166.42000000000002
134.56
283.53999999999996
197.54
192.18
226.98
201.76
187.1
125.28
187.32
150.0
242.95999999999998
187.66
210.39999999999998
211.5
211.1
238.26
200.76
277.3
180.56
113.6
288.58
25.66
134.18
195.42
313.48
96.38
189.66
287.1
192.32
165.14
123.69999999999999
175.28
215.04
69.46000000000001
53.8
139.68
245.84
206.56
225.5
116.42
108.28
182.9
263.06
130.94
189.39999999999998
117.94
169.86
265.78
127.6
131.56
152.51999999999998
36.9
167.84
146.28
145.38
174.72
115.0
107.84
208.66
175.76
266.02
142.51999999999998
292.72
143.14
135.38
288.86
182.2
184.26
253.06
173.64
195.7
253.82
219.78
279.48
230.06
120.69999999999999
311.62
175.94
160.5
280.15999999999997
63.14
89.39999999999999
264.53999999999996
233.88
192.78
288.72
210.6
242.95999999999998
294.52
222.22
258.72
92.69999999999999
229.56
58.18
202.66
96.18
288.86
190.8
71.28
127.22
118.5
112.88
180.76
53.0
154.66
215.12
215.2
219.88
227.26
83.8
286.06
205.33999999999997
242.46
109.52
42.0
165.42000000000002
197.76
200.51999999999998
77.14
190.38
45.28
255.12
248.5
157.42000000000002
238.39999999999998
285.58
85.22
131.38
257.92
117.52
228.64
65.18
122.03999999999999
286.92
252.44
145.18
160.32
279.68
203.9
156.66
116.03999999999999
205.66
112.88
195.92000000000002
196.39999999999998
236.26
214.32
176.98
159.28
119.36
236.5
208.46
262.02
137.42000000000002
199.52
243.95999999999998
165.51999999999998
136.12
195.88
232.94
118.97999999999999
268.48
111.42
223.88
193.18
246.12
135.36
132.51999999999998
141.2
207.92000000000002
286.62
98.22
186.12
228.46
31.0
248.88
104.08
206.06
30.379999999999995
204.92000000000002
96.14
148.18
118.9
146.18
195.78
251.74
243.84
161.28
101.0
242.84
220.14
239.88
257.3
180.38
214.84
205.94
228.07999999999998
195.46
110.52
191.8
169.6
203.84
292.48
72.22
260.74
162.86
202.22
262.12
183.46
207.38
255.33999999999997
217.22
123.66
246.78
177.46
187.74
180.51999999999998
226.92000000000002
135.28
166.14
236.36
163.12
116.0
227.88
111.33999999999999
172.01999999999998
199.04
166.39999999999998
178.14
280.72
210.26
208.06
134.66
170.76
209.22
257.12
197.38
184.88
161.44
190.0
197.66
190.54
68.8
186.9
251.95999999999998
179.28
197.18
196.66
220.44
200.7
209.6
218.42
227.94
187.76
51.42
90.28
201.01999999999998
158.36
156.84
162.28
163.46
241.6
171.22
222.07999999999998
53.94
196.28
121.9
231.48
217.74
224.22
209.9
264.62
91.0
156.7
81.14
172.38
263.58
255.14
249.57999999999998
261.12
315.38
99.18
260.88
165.28
179.46
285.3
241.07999999999998
266.53999999999996
283.14
210.62
82.42
253.64
259.88
171.22
215.66
58.9
165.8
97.42
191.14
201.76
160.66
176.2
198.39999999999998
168.56
181.14
268.86
227.07999999999998
225.82
139.82
67.52
199.56
58.18
248.74
262.4
187.84
159.42000000000002
139.42000000000002
213.7
45.32
175.0
145.01999999999998
207.88
134.94
317.86
176.42
168.74
113.56
214.22
113.0
209.12
219.28
148.8
224.46
223.5
200.66
198.94
287.34
266.02
253.54
240.33999999999997
210.42
74.42
181.04
220.74
186.66
115.42
230.39999999999998
173.12
132.01999999999998
119.53999999999999
236.94
215.36
144.9
203.9
172.98
142.46
161.26
161.5
158.6
154.26
221.42
175.76
241.78
146.39999999999998
113.6
147.84
165.16
271.64
163.44
184.48
177.8
176.7
84.52
236.57999999999998
123.8
175.72
129.7
174.26
207.52
161.39999999999998
60.8
94.94
158.95999999999998
210.66
210.39999999999998
158.07999999999998
203.56
135.38
28.0
119.18
200.7
220.36
190.56
134.51999999999998
129.51999999999998
315.0
222.6
155.94
141.14
175.39999999999998
266.44
232.32
75.32
136.38
143.94
169.76
248.64
198.76
191.46
256.02
83.56
155.84
286.92
187.42000000000002
142.12
155.16
226.07999999999998
243.0
80.97999999999999
285.38
103.12
116.94
124.06
287.52
203.78
180.18
165.42
186.68
158.16
113.0
199.36
52.28
58.519999999999996
196.18
247.22
169.95999999999998
192.5
103.14
80.14
195.9
179.28
278.58
190.98
167.51999999999998
310.14
180.38
218.94
260.68
94.0
221.7
101.38
141.84
229.94
173.76
233.32
76.94
274.02
84.66
194.51999999999998
224.56
240.36
265.4
170.04
177.38
210.64
291.44
200.32
165.42000000000002
116.44
236.94
218.92000000000002
70.75999999999999
204.18
145.33999999999997
136.01999999999998
267.15999999999997
148.18
121.92
111.92
165.32
120.28
71.52
221.98
127.97999999999999
47.76
120.78
187.18
166.66
115.6
180.32
107.03999999999999
263.24
167.92000000000002
216.92000000000002
111.66
187.8
236.32
133.66
217.18
199.5
217.88
133.6
195.6
107.46000000000001
128.38
325.76
152.3
191.42000000000002
215.72
245.5
161.66
230.22
190.18
155.33999999999997
201.66
184.92000000000002
165.14
226.26
242.01999999999998
173.66
51.379999999999995
58.14
232.64
280.86
208.92000000000002
151.14
154.72
262.5
168.01999999999998
149.51999999999998
240.22
227.94
72.42
193.46
148.06
233.18
115.9
274.3
173.26
275.02
98.28
248.78
179.42
178.76
102.38
188.12
271.53999999999996
238.74
299.9
186.9
240.36
252.3
214.8
219.04
174.51999999999998
256.4
304.28
110.38
137.12
152.66
256.78
87.28
209.5
270.64
170.8
232.12
218.84
224.64
145.98
279.3
148.52
205.64
145.1
152.94
299.86
249.06
229.01999999999998
293.76
224.7
271.62
186.68
116.03999999999999
254.12
99.84
137.28
232.57999999999998
240.74
335.28
183.84
103.6
64.42
127.30000000000001
170.12
232.12
166.72
236.12
179.78
134.3
194.42000000000002
264.26
182.51999999999998
107.38
77.14
139.92000000000002
139.32
192.56
94.28
192.94
172.07999999999998
122.36
109.5
244.33999999999997
264.88
252.64
151.28
171.98
204.66
173.07999999999998
219.98
281.1
234.57999999999998
119.94
215.22
177.6
209.76
111.14
168.66
156.88
232.12
82.0
219.74
220.94
214.33999999999997
175.0
247.01999999999998
276.86
198.56
114.75999999999999
188.22
244.22
262.78
249.12
57.28
150.32
207.04
201.7
167.16
284.96
221.26
135.88
99.94
88.92
142.84
198.1
279.72
204.36
277.06
296.34
189.0
168.18
141.07999999999998
179.7
232.92000000000002
253.68
271.02
194.94
205.18
179.42
179.18
204.9
186.76
186.26
196.04
148.46
226.04
220.16
27.38
135.04
238.57999999999998
134.68
130.18
245.84
254.01999999999998
141.98
171.72
111.94
194.64
67.28
95.46000000000001
49.18
181.82
198.32
205.22
252.01999999999998
231.18
296.0
193.78
304.76
141.38
295.14
149.26
302.48
221.8
123.28
209.22
249.57999999999998
269.58
177.7
172.42000000000002
134.51999999999998
263.38
38.9
140.51999999999998
274.62
223.3
217.3
167.04
68.0
203.04
114.06
219.18
108.38
208.04
185.12
226.33999999999997
110.38
92.8
183.28
227.32
249.64
252.3
273.78
198.7
144.07999999999998
150.38
276.06
232.6
206.98
130.68
202.44
270.96
275.68
194.51999999999998
122.39999999999999
137.6
160.42000000000002
177.28
241.7
108.0
198.66
107.38
28.66
212.28
193.0
210.51999999999998
106.9
140.04
249.72
131.74
205.16
206.9
205.28
187.01999999999998
226.5
199.32
146.28
202.36
232.3
228.48
91.18
134.5
185.44
151.8
148.0
327.9
176.9
172.42000000000002
219.22
192.9
220.66
296.44
224.57999999999998
172.2
236.32
159.38
218.9
252.16
67.32
192.38
173.64
201.44
220.7
188.56
128.82
111.14
176.28
267.68
244.26
186.6
64.56
142.76
210.76
245.39999999999998
259.15999999999997
188.52
100.0
149.72
150.5
56.28
178.88
236.39999999999998
112.12
115.28
237.74
138.0
164.38
61.9
196.22
244.88
233.84
191.9
225.88
237.74
199.88
162.14
128.7
255.44
133.78
191.74
48.0
161.7
233.7
274.58
89.75999999999999
223.56
253.64
221.22
149.22
195.74
114.69999999999999
211.66
212.04
263.1
199.94
211.72
151.0
179.14
135.6
205.18
135.04
221.32
240.32
150.36
118.56
183.6
183.56
99.38
55.36
232.33999999999997
261.14
139.76
198.22
138.76
148.28
236.07999999999998
208.51999999999998
122.42
219.94
107.22
212.78
180.38
223.07999999999998
183.04
272.78
150.5
166.8
112.16
214.36
140.07999999999998
90.46000000000001
165.16
168.28
89.32
196.01999999999998
144.66
251.6
232.07999999999998
230.84
153.7
233.64
280.48
197.6
173.8
153.22
195.84
261.72
192.94
144.57999999999998
206.26
179.18
267.53999999999996
296.34
255.64
202.39999999999998
227.46
214.6
96.66
137.18
263.64
179.06
185.7
235.95999999999998
101.6
250.36
199.76
181.28
192.46
212.51999999999998
240.32
112.22
201.2
220.18
183.64
196.76
193.98
159.32
264.02
181.52
239.06
201.01999999999998
155.66
226.26
190.92000000000002
266.88
73.9
226.39999999999998
93.75999999999999
60.76
276.2
169.01999999999998
175.46
181.54
233.94
125.14
176.88
114.52
259.74
216.62
191.38
63.08
149.56
130.51999999999998
190.04
168.48
260.64
144.42000000000002
141.26
80.8
152.44
206.94
142.28
237.3
127.0
185.9
185.51999999999998
239.51999999999998
221.2
109.97999999999999
271.78
212.46
238.44
209.56
214.6
201.7
179.32
146.04
216.3
175.9
12.0
187.38
192.12
169.36
186.84
137.94
159.95999999999998
188.14
170.32
243.14
209.38
127.9
221.54
252.54
196.57999999999998
237.2
117.19999999999999
148.8
263.2
255.36
210.22
245.78
221.74
167.88
149.84
182.42000000000002
128.14
55.66
63.0
299.58
122.0
188.7
250.16
213.14
231.07999999999998
234.72
271.92
212.5
195.36
208.95999999999998
56.28
211.51999999999998
133.94
251.26
197.38
206.16
163.56
249.92000000000002
219.22
152.1
228.68
286.62
233.78
199.07999999999998
170.66
231.18
161.46
196.8
195.52
230.78
161.88
106.36
177.26
242.84
165.18
213.18
264.24
185.14
150.22
169.51999999999998
221.3
88.39999999999999
207.06
298.1
156.98
226.39999999999998
105.56
168.52
161.51999999999998
119.0
133.28
188.56
230.22
175.5
78.0
163.36
276.34
187.5
160.95999999999998
255.57999999999998
91.52
207.01999999999998
123.28
199.06
227.42000000000002
92.08
288.3
177.98
118.03999999999999
200.38
45.699999999999996
212.16
301.76
233.48
196.52
177.22
193.46
243.68
262.64
181.36
224.57999999999998
82.42
215.52
57.04
202.42000000000002
172.42000000000002
107.14
179.94
276.48
154.51999999999998
164.74
154.0
76.18
160.46
216.56
142.38
149.44
182.57999999999998
105.6
191.94
172.9
125.8
168.28
226.22
141.66
235.16
146.28
231.26
164.07999999999998
134.8
183.9
175.14
72.14
207.56
212.95999999999998
225.22
146.18
179.28
86.18
102.66
128.01999999999998
194.66
107.25999999999999
142.98
104.38
267.72
206.22
139.04
228.14
172.94
205.66
240.07999999999998
167.22
174.12
212.07999999999998
130.84
164.6
189.8
183.01999999999998
140.46
225.64
94.94
136.12
205.38
39.66
191.38
17.0
230.8
238.6
141.56
170.76
185.22
272.4
70.52
188.46
160.38
152.04
196.42000000000002
158.42000000000002
50.0
228.51999999999998
130.74
199.52
70.52
222.2
119.75999999999999
200.42000000000002
111.18
263.9
216.22
291.1
80.38
205.88
231.18
167.76
271.64
70.56
146.26
231.06
163.9
188.38
124.69999999999999
195.94
191.82
107.32
266.02
211.44
230.01999999999998
263.58
228.88
178.46
138.18
186.88
249.88
214.78
140.46
242.88
178.54
114.3
194.54
190.36
143.16
200.64
186.88
303.34
277.15999999999997
150.94
189.9
192.68
149.26
143.14
293.2
252.12
193.38
269.64
185.76
120.22
217.46
155.46
214.28
68.0
181.72
280.3
223.22
234.5
233.84
151.68
179.18
184.76
218.07999999999998
216.1
73.74
82.75999999999999
265.68
157.74
123.78
101.0
167.04
238.01999999999998
165.2
105.6
94.28
142.51999999999998
215.18
142.0
202.28
94.9
159.01999999999998
161.18
169.6
198.94
74.03999999999999
211.46
266.44
254.36
245.0
196.04
194.56
228.74
217.56
221.16
222.66
195.66
186.94
264.62
192.76
165.42000000000002
210.18
186.38
225.7
226.16
249.78
230.32
187.46
193.46
192.8
143.5
217.5
61.56
176.42000000000002
190.07999999999998
201.28
218.22
36.04
217.07999999999998
112.39999999999999
149.8
216.04
296.2
109.56
40.14
138.12
198.18
227.88
209.32
245.0
164.04
181.76
187.66
101.46000000000001
114.14
181.5
188.14
170.14
267.86
185.5
181.0
101.44
194.8
72.0
61.699999999999996
103.14
213.98
125.38
205.76
217.2
285.06
238.7
195.94
223.56
215.9
158.66
242.74
91.38
275.68
56.18
77.28
179.64
215.01999999999998
116.18
176.5
121.28
207.14
199.12
103.75999999999999
232.3
250.74
67.42
227.46
79.66
229.46
232.01999999999998
201.04
158.88
204.51999999999998
170.07999999999998
151.51999999999998
230.22
123.66
139.9
184.94
194.84
104.56
258.2
54.519999999999996
220.66
117.84
174.18
152.07999999999998
91.14
150.76
239.39999999999998
205.76
208.94
232.12
202.98
155.38
99.16
235.72
210.6
256.76
168.28
131.28
204.52
82.0
300.48
225.46
216.6
222.39999999999998
114.0
107.88
201.2
185.06
287.38
219.62
222.82
177.2
212.18
279.86
263.44
222.8
202.66
268.34
184.9
201.32
208.28
241.01999999999998
101.38
212.95999999999998
240.68
207.66
217.8
244.2
180.8
75.46000000000001
259.58
177.46
262.15999999999997
207.84
108.88
214.04
282.58
159.42000000000002
185.38
192.92000000000002
261.64
285.58
239.46
170.74
149.28
273.2
172.9
118.14
140.51999999999998
232.06
198.94
212.32
266.52
179.51999999999998
203.44
228.32
294.96
182.28
269.0
154.84
272.15999999999997
285.82
179.14
279.06
233.38
286.68
145.7
77.0
130.92000000000002
229.46
230.6
199.7
244.78
236.78
187.76
218.28
195.33999999999997
198.39999999999998
90.52
279.52
264.78
103.9
184.28
199.76
265.5
255.01999999999998
191.22
144.64
288.86
109.0
208.07999999999998
145.22
178.14
163.98
239.32
170.14
179.12
178.01999999999998
258.12
223.16
128.88
196.24
152.24
147.01999999999998
218.9
250.78
191.82
193.56
121.52
246.82
193.46
220.66
88.78
190.76
196.07999999999998
206.42
96.32
262.3
24.759999999999998
275.53999999999996
51.76
234.01999999999998
228.44
182.32
217.56
216.94
158.76
100.75999999999999
172.38
198.39999999999998
139.42000000000002
157.0
121.22
223.6
183.98
137.84
258.36
242.54
45.14
175.14
194.36
166.7
91.66
221.44
239.36
267.4
209.56
211.04
281.03999999999996
216.8
218.66
203.14
159.42000000000002
171.94
144.38
157.46
190.66
130.84
216.42000000000002
297.62
192.28
276.96
115.39999999999999
96.46000000000001
199.16
221.12
189.18
124.56
116.22
288.44
238.28
107.42
195.32
241.2
203.78
94.08
268.48
195.42
78.9
271.58
171.1
184.8
106.32
208.18
143.38
103.94
192.78
192.78
230.22
176.06
217.22
183.07999999999998
77.66
162.26
247.26
228.84
85.0
163.14
187.68
171.6
227.94
144.18
198.39999999999998
196.52
133.42000000000002
126.18
221.74
144.56
176.22
134.74
325.14
221.5
185.28
143.2
239.5
250.6
309.38
104.0
208.5
8.0
46.0
134.14
237.74
260.92
192.07999999999998
183.94
299.24
209.04
125.75999999999999
225.88
145.9
220.18
219.8
83.32
97.0
183.84
89.0
162.5
112.76
275.3
142.51999999999998
56.18
210.3
250.22
178.94
112.42
20.759999999999998
148.18
195.88
227.46
201.07999999999998
233.68
139.14
142.7
268.38
292.2
86.88
227.12
44.0
217.12
145.26
223.26
160.88
132.44
153.76
112.56
87.28
194.36
93.14
203.32
98.74
128.18
281.9
193.28
185.84
239.44
158.28
243.44
77.42
218.18
224.95999999999998
226.46
260.92
200.3
240.39999999999998
224.84
177.56
260.02
213.66
116.67999999999999
144.32
196.38
219.36
219.66
201.88
283.3
223.94
235.01999999999998
190.46
177.8
283.2
270.53999999999996
116.8
169.56
213.56
203.7
166.22
270.64
247.01999999999998
228.01999999999998
207.07999999999998
171.14
134.42000000000002
121.28
200.76
226.07999999999998
259.26
279.1
142.88
162.46
250.98
124.53999999999999
131.14
162.26
178.7
173.32
232.88
175.51999999999998
94.75999999999999
155.18
56.0
234.78
211.42
163.46
182.18
269.82
151.38
263.64
150.66
164.32
277.38
177.6
165.04
242.64
145.07999999999998
173.51999999999998
212.7
159.32
156.0
144.5
171.12
217.24
202.04
111.9
210.8
223.07999999999998
139.0
112.66
124.0
208.8
106.42
215.98
202.39999999999998
89.84
68.0
117.22
196.84
128.38
231.6
82.38
203.74
164.38
165.94
197.56
59.9
282.92
132.51999999999998
246.74
127.32
193.94
228.22
239.54
218.42000000000002
295.58
240.1
286.3
182.9
221.28
246.64
254.12
166.76
172.28
128.51999999999998
75.46000000000001
233.12
185.8
257.78
206.94
102.38
187.92000000000002
237.82
96.38
237.98
249.98
44.9
158.32
150.9
164.01999999999998
211.74
234.56
151.8
91.25999999999999
202.66
61.98
210.56
234.94
51.76
185.98
123.0
229.6
218.64
122.44
239.54
81.56
218.68
238.64
226.82
176.52
260.68
93.66
69.28
211.84
142.39999999999998
267.88
251.88
231.78
195.88
195.26
206.74
249.72
228.26
138.94
231.84
100.56
224.54
129.5
232.01999999999998
120.97999999999999
279.15999999999997
51.38
242.84
162.33999999999997
111.74
260.9
45.379999999999995
205.22
190.98
261.15999999999997
26.759999999999998
186.22
259.52
148.51999999999998
242.72
179.04
229.46
218.78
85.52
191.28
178.36
110.42
150.04
273.68
281.24
167.74
225.56
183.01999999999998
172.16
266.96
213.56
238.01999999999998
162.26
210.16
240.78
273.44
175.66
145.01999999999998
197.64
229.32
68.38
216.8
249.39999999999998
190.84
172.8
254.5
98.03999999999999
214.46
83.03999999999999
194.9
60.94
96.28
291.34
202.84
184.76
217.36
154.32
193.56
223.18
115.38
243.2
206.6
227.44
193.86
242.92000000000002
170.46
215.36
219.16
258.12
101.0
206.6
268.02
164.14
225.92000000000002
76.28
232.46
303.24
202.56
306.0
167.18
61.379999999999995
153.76
229.78
250.01999999999998
223.8
268.24
176.6
238.14
265.15999999999997
201.88
122.0
217.8
227.06
171.07999999999998
193.76
147.3
193.07999999999998
168.07999999999998
82.0
52.0
266.53999999999996
182.46
177.36
132.74
224.94
131.38
171.78
174.0
289.06
257.64
228.7
122.8
180.28
96.38
224.5
105.0
196.76
265.06
123.67999999999999
171.14
238.84
229.32
151.78
214.01999999999998
38.66
166.66
91.14
133.5
163.28
50.379999999999995
212.28
234.95999999999998
204.3
178.38
189.82
121.38
127.28
229.07999999999998
226.56
219.12
198.46
182.98
180.04
10.0
223.12
94.38
125.38
173.48
96.75999999999999
220.46
210.74
175.42000000000002
205.01999999999998
63.739999999999995
214.66
245.39999999999998
174.8
201.56
197.6
220.28
64.52
68.42
136.51999999999998
60.18
114.14
223.98
162.84
188.76
290.44
217.2
157.86
125.0
251.2
204.18
177.07999999999998
68.0
200.51999999999998
101.14
268.02
214.33999999999997
89.16
192.28
163.16
42.379999999999995
289.3
184.38
313.52
169.38
226.6
142.22
255.26
201.7
268.28
166.22
157.64
192.46
92.53999999999999
214.88
140.8
135.94
167.8
139.8
282.44
197.18
217.18
214.9
271.15999999999997
207.14
212.7
217.92000000000002
194.01999999999998
213.94
189.12
216.64
267.64
222.84
245.44
206.54
199.3
220.7
180.64
185.0
73.52
177.07999999999998
289.14
117.18
292.06
312.24
274.92
210.8
306.48
173.84
114.97999999999999
303.96
214.51999999999998
214.62
163.88
207.88
209.07999999999998
135.01999999999998
30.0
226.18
213.04
196.51999999999998
171.06
184.22
176.51999999999998
185.39999999999998
185.46
253.2
253.74
62.75999999999999
74.03999999999999
162.22
141.66
199.88
273.64
166.39999999999998
276.72
140.56
216.9
143.64
163.38
119.14
200.22
262.53999999999996
184.14
93.94
214.07999999999998
154.84
174.66
205.36
276.96
146.68
229.01999999999998
270.26
145.68
107.36
232.1
233.92000000000002
148.33999999999997
199.94
255.12
239.92000000000002
258.4
164.56
183.26
294.58
260.74
105.08
136.51999999999998
212.84
102.8
111.03999999999999
128.04
107.0
289.58
255.88
204.66
193.94
258.53999999999996
226.72
208.94
103.42
202.39999999999998
241.12
120.03999999999999
123.28
85.25999999999999
172.94
210.98
80.08
229.6
76.94
224.62
183.66
190.28
283.2
196.51999999999998
129.72
220.33999999999997
238.86
61.76
198.18
192.46
122.6
109.03999999999999
176.28
190.9
137.01999999999998
287.38
101.84
266.58
53.839999999999996
275.52
219.42
140.28
281.68
114.02
131.56
204.66
263.4
170.8
211.82
268.06
205.46
243.06
126.0
120.22
185.8
179.14
152.0
190.76
111.97999999999999
218.8
188.39999999999998
29.419999999999998
152.42
272.4
93.66
149.9
212.7
200.72
174.76
177.76
125.03999999999999
259.06
216.9
214.46
153.04
226.16
159.14
222.7
143.7
112.14
120.38
131.6
73.97999999999999
66.69999999999999
155.38
242.3
161.6
279.1
202.8
185.12
78.0
187.66
245.64
147.42
236.46
160.92000000000002
226.04
223.32
166.9
142.28
162.56
122.39999999999999
242.62
200.07999999999998
216.12
182.94
80.08
95.88
251.86
108.28
165.38
163.9
224.32
131.14
221.46
282.0
193.42000000000002
171.6
201.38
169.56
155.88
247.57999999999998
123.8
174.0
249.3
222.74
231.82
227.56
187.82
148.76
215.8
45.0
85.56
267.34
167.22
163.92000000000002
75.03999999999999
219.98
106.88
222.06
166.44
272.02
37.0
189.66
127.0
182.54
178.36
252.26
221.72
110.94
280.72
102.0
63.42
204.76
86.28
222.04
75.14
150.82
55.699999999999996
210.56
172.88
202.8
154.94
271.48
185.86
187.04
192.44
272.06
270.48
125.14
237.46
118.03999999999999
155.51999999999998
213.62
200.9
166.42000000000002
230.46
194.18
226.8
197.18
198.8
188.76
162.9
289.68
256.5
164.06
180.14
76.38
182.28
95.0
171.66
210.66
0.0
118.38
207.14
215.12
228.8
173.04
154.28
214.28
163.9
215.22
141.6
119.97999999999999
283.2
201.39999999999998
209.9
164.0
107.74
195.0
72.38
248.2
221.7
163.5
252.72
235.98
244.6
262.64
236.22
192.42000000000002
160.51999999999998
226.64
191.26
168.2
109.32
200.94
122.38
256.24
249.12
211.12
273.52
233.33999999999997
286.65999999999997
236.38
116.66
244.2
218.42
207.12
236.36
266.96
199.84
180.76
241.38
183.78
217.74
97.84
239.46
159.76
101.74
226.46
268.15999999999997
253.92000000000002
184.26
186.04
209.36
233.32
114.38
48.76
254.15999999999997
105.38
164.66
116.75999999999999
232.98
160.1
184.36
208.14
197.04
154.38
127.18
62.14
89.14
276.2
266.02
148.51999999999998
150.6
220.78
199.04
178.38
161.76
137.8
128.88
256.06
212.06
167.18
96.22
152.51999999999998
159.18
131.64
212.26
168.06
174.14
115.38
237.64
263.88
155.8
69.28
223.36
138.74
136.18
231.39999999999998
183.9
160.74
116.69999999999999
135.38
96.08
307.38
232.22
139.07999999999998
297.38
138.76
155.22
211.95999999999998
217.66
195.7
150.04
185.06
258.74
244.82
187.32
192.14
99.08
176.98
230.6
192.14
225.04
47.56
252.6
136.76
96.39999999999999
212.8
92.38
238.74
215.22
54.0
209.06
201.0
271.53999999999996
155.3
232.5
102.0
242.26
215.54
243.74
195.8
230.44
168.7
103.38
171.38
211.74
92.42
218.46
261.3
206.32
189.98
278.28
37.0
203.68
284.2
188.38
251.76
145.28
240.07999999999998
294.82
136.07999999999998
220.22
179.12
227.12
145.32
160.42000000000002
292.62
265.64
197.6
171.84
132.8
142.94
216.64
274.78
207.38
195.66
169.51999999999998
153.94
237.94
156.8
160.66
194.92000000000002
318.24
137.36
222.3
176.46
181.54
198.18
129.7
150.04
173.38
216.88
67.84
156.04
321.62
159.52
138.8
206.18
289.1
30.14
208.07999999999998
98.38
211.48
271.26
225.6
197.6
168.12
79.56
195.51999999999998
320.14
17.759999999999998
164.22
199.56
238.78
247.5
82.08
210.14
296.34
169.07999999999998
214.84
245.68
188.38
116.25999999999999
149.14
173.26
241.88
144.66
168.9
216.42
196.84
225.04
232.22
116.84
227.94
206.36
243.22
169.28
169.04
194.18
129.7
183.9
127.84
113.14
114.18
224.74
221.82
207.66
222.07999999999998
117.47999999999999
165.22
114.76
217.54
82.76
297.2
86.0
204.57999999999998
273.92
193.64
67.94
31.519999999999996
79.28
161.68
132.82
234.07999999999998
148.84
220.42000000000002
211.22
60.36
180.57999999999998
124.36
248.98
186.84
165.38
219.6
193.46
229.01999999999998
219.8
87.42
89.0
173.42000000000002
150.38
182.74
235.5
242.3
223.44
189.8
192.14
37.379999999999995
45.14
120.44
192.48
236.92000000000002
171.8
245.64
151.84
146.26
189.38
178.32
260.88
238.5
233.84
289.1
181.84
120.64
134.94
239.01999999999998
154.74
237.01999999999998
110.25999999999999
301.1
187.76
152.36
212.76
178.01999999999998
129.14
219.3
214.64
251.12
260.82
46.519999999999996
260.12
137.14
154.8
250.36
69.75999999999999
154.42000000000002
245.39999999999998
126.46000000000001
126.03999999999999
125.42
185.26
260.4
221.26
178.56
241.54
206.54
140.76
289.28
131.04
208.01999999999998
268.64
93.08
146.04
284.68
137.0
119.9
142.36
226.84
218.56
104.52
225.74
202.44
13.0
221.74
127.12
158.18
298.82
211.04
83.0
190.28
288.76
322.62
210.01999999999998
208.56
192.0
227.46
236.98
216.66
257.14
258.44
230.68
235.95999999999998
304.0
186.52
34.9
209.36
222.8
210.94
151.01999999999998
139.46
194.39999999999998
178.72
207.52
171.04
227.8
232.12
88.76
287.72
185.42000000000002
178.3
180.5
72.42
224.18
230.33999999999997
247.95999999999998
192.18
170.9
148.82
42.28
241.74
291.34
204.84
134.28
256.03999999999996
23.0
250.2
208.88
192.38
233.44
125.0
163.84
171.66
74.18
136.64
181.38
211.8
299.58
210.51999999999998
191.84
103.22
196.66
206.66
136.12
96.38
101.25999999999999
203.84
134.42000000000002
190.66
186.32
189.14
162.42000000000002
285.58
259.74
147.76
116.74
174.9
98.5
162.56
235.94
99.9
100.94
277.3
188.51999999999998
47.0
197.98
129.84
208.38
123.75999999999999
255.2
170.38
217.54
173.66
125.9
210.18
181.7
212.04
68.0
145.92000000000002
188.44
83.38
198.0
105.97999999999999
93.94
165.6
219.7
141.98
173.74
193.38
131.54
285.1
216.28
99.97999999999999
90.66
200.14
258.12
153.76
117.66
179.7
208.16
186.8
128.76
162.6
209.32
270.96
24.0
189.54
296.86
238.07999999999998
140.84
178.76
191.28
223.42
220.12
236.01999999999998
162.18
232.39999999999998
217.5
197.74
202.28
210.74
143.04
121.03999999999999
234.94
118.38
120.52
169.01999999999998
200.36
192.86
223.2
196.0
142.5
222.98
249.72
263.53999999999996
239.64
326.76
194.39999999999998
123.53999999999999
101.8
188.38
183.54
247.12
234.32
111.74
239.98
238.44
241.12
185.42
228.36
217.72
92.69999999999999
135.18
186.9
173.28
190.07999999999998
131.78
165.82
90.12
192.18
66.38
225.98
184.32
268.78
301.58
149.56
196.98
192.9
161.28
153.56
147.28
140.78
160.14
187.54
245.07999999999998
230.94
284.24
230.57999999999998
105.84
224.7
147.51999999999998
184.26
138.98
106.5
117.08
141.76
181.18
216.8
194.3
107.8
116.8
216.82
191.9
138.9
134.38
122.84
245.06
157.06
205.95999999999998
224.22
189.8
265.88
278.4
172.7
153.52
285.68
93.03999999999999
206.28
164.76
241.84
203.38
155.32
274.15999999999997
203.38
134.66
204.64
166.74
173.82
140.8
229.84
228.84
283.0
66.9
177.07999999999998
194.36
185.52
206.28
268.88
231.6
256.5
114.8
107.58
230.46
275.3
156.07999999999998
236.46
182.28
119.8
189.0
120.36
109.03999999999999
212.22
56.14
258.14
107.9
189.82
257.12
69.38
160.46
168.9
289.0
136.04
159.44
227.44
60.76
127.38
30.759999999999998
113.8
202.38
307.76
117.6
242.5
223.18
209.28
145.66
248.28
88.0
160.76
212.12
44.0
116.14
246.5
208.66
190.84
169.36
148.7
181.22
261.06
197.54
88.8
145.04
225.82
209.94
211.7
132.98
218.78
148.22
107.75999999999999
267.68
117.94
230.12
231.32
208.66
192.22
214.32
152.51999999999998
80.14
173.46
260.02
213.64
269.26
164.42000000000002
219.6
61.0
186.14
183.66
154.39999999999998
200.72
134.56
239.86
161.74
246.26
195.28
155.12
264.15999999999997
72.38
274.1
212.7
200.84
292.44
206.94
229.88
154.6
246.88
197.8
196.84
214.98
111.97999999999999
64.0
188.38
194.82
244.07999999999998
267.02
266.72
139.62
194.39999999999998
247.95999999999998
234.6
100.42
127.46000000000001
219.48
295.72
200.22
251.3
218.5
222.6
209.06
213.52
228.7
129.38
189.12
259.74
234.5
218.36
81.78
246.84
177.98
308.03999999999996
228.64
222.8
202.9
226.7
196.7
161.07999999999998
126.84
155.32
26.28
118.08
163.14
176.74
259.58
211.14
160.28
54.519999999999996
6.0
147.9
233.57999999999998
166.57999999999998
129.76
110.76
273.68
179.9
274.82
226.94
214.51999999999998
273.68
275.34
270.78
255.74
208.52
183.54
101.94
143.46
180.0
181.68
252.57999999999998
145.04
154.14
198.28
273.62
236.16
155.01999999999998
187.9
188.18
219.07999999999998
177.26
146.32
183.88
161.16
169.38
254.74
163.04
135.94
227.48
101.0
158.36
199.78
147.04
243.12
177.38
269.3
143.84
154.14
72.52
168.64
210.76
95.42
230.39999999999998
223.86
185.62
200.51999999999998
191.0
282.76
176.64
113.6
225.26
214.9
174.07999999999998
271.3
133.78
228.07999999999998
203.5
130.0
116.94
88.75999999999999
91.74
266.58
203.26
195.57999999999998
158.64
224.18
190.92000000000002
233.32
248.82
45.519999999999996
148.04
225.42
258.92
232.56
220.8
200.04
100.28
199.72
116.53999999999999
117.28
211.28
203.9
204.94
106.03999999999999
63.97999999999999
209.6
303.58
141.51999999999998
106.0
177.94
297.58
290.2
79.0
164.9
205.46
214.42000000000002
91.03999999999999
115.32
142.74
213.9
171.16
108.38
75.8
244.24
209.5
219.68
94.56
253.98
198.0
198.42000000000002
153.42000000000002
123.66
203.52
121.67999999999999
205.84
223.32
198.84
177.62
131.0
111.14
29.14
220.74
186.14
133.42000000000002
199.84
220.32
88.8
129.76
158.88
208.51999999999998
190.38
203.76
91.42
227.42
243.68
108.94
193.56
133.51999999999998
212.88
127.36000000000001
201.14
110.56
199.22
185.38
205.56
134.74
210.57999999999998
25.0
215.7
241.57999999999998
242.3
317.03999999999996
182.92000000000002
290.48
174.9
212.42
28.52
251.51999999999998
234.01999999999998
185.44
245.6
208.12
208.38
171.9
281.1
176.56
206.18
101.88
210.46
78.32
245.2
149.7
114.42
318.9
168.7
226.22
227.74
72.08
166.42000000000002
245.07999999999998
167.42000000000002
212.3
94.75999999999999
102.38
215.88
111.52
136.72
129.74
326.14
200.18
225.5
128.44
110.46000000000001
169.14
153.07999999999998
294.52
5.0
288.44
213.68
52.839999999999996
214.28
132.26
157.9
315.38
231.36
41.76
272.28
196.26
228.32
227.56
188.88
228.51999999999998
290.68
96.0
157.51999999999998
201.28
219.7
196.66
94.42
170.76
235.16
262.24
153.51999999999998
147.12
201.88
242.46
121.88
287.52
245.74
226.46
226.32
157.04
103.42
282.2
227.22
153.8
178.76
199.7
242.16
142.16
158.28
166.74
113.66
311.86
233.0
145.56
113.38
174.8
131.66
192.0
279.92
122.9
154.07999999999998
185.16
192.32
211.3
134.66
170.56
278.78
267.58
252.98
202.6
154.84
241.16
186.6
214.8
205.76
167.57999999999998
179.72
153.18
160.14
230.01999999999998
208.01999999999998
232.54
144.07999999999998
35.8
128.56
213.44
156.6
258.06
73.03999999999999
222.62
243.36
248.82
262.62
102.64
208.68
139.42000000000002
159.88
298.82
95.08
238.46
149.46
113.14
196.38
128.84
230.22
192.9
127.38
244.12
106.94
117.94
82.14
230.36
20.14
175.36
166.84
146.82
168.42
111.28
111.08
201.38
233.38
234.98
104.9
194.57999999999998
221.92000000000002
237.94
179.76
227.07999999999998
221.5
172.8
175.38
208.07999999999998
128.64
194.84
135.5
66.14
214.44
183.9
220.28
203.38
212.9
266.2
135.66
274.76
185.07999999999998
99.9
255.36
150.14
65.52
95.12
119.66
222.7
94.66
52.66
95.22
175.14
214.5
199.18
230.68
223.88
283.34
128.66
91.0
202.56
198.04
277.38
234.84
122.39999999999999
184.28
151.9
188.28
237.92000000000002
127.0
161.14
221.54
230.01999999999998
73.97999999999999
279.2
179.9
285.0
64.42
185.9
187.7
144.14
207.95999999999998
208.04
289.62
145.28
119.88
248.78
124.22
263.12
133.04
207.8
191.9
181.76
109.8
183.39999999999998
240.84
19.0
129.54
292.38
146.82
119.52
225.46
216.01999999999998
201.04
277.34
161.42
177.22
271.02
237.22
279.24
223.42
169.01999999999998
66.36
181.54
179.44
159.01999999999998
186.9
147.32
132.54
138.42000000000002
216.98
196.54
263.88
194.07999999999998
157.04
170.18
192.8
268.53999999999996
45.9
131.14
157.22
177.12
143.94
239.3
130.51999999999998
216.56
223.38
150.32
235.46
229.68
224.04
149.36
134.46
242.7
219.33999999999997
263.5
216.16
139.64
272.78
222.98
180.26
152.2
174.51999999999998
255.48000000000002
189.95999999999998
126.51999999999998
203.56
174.56
165.9
131.68
200.0
154.94
149.94
177.8
177.51999999999998
210.98
151.57999999999998
154.56
234.2
234.72
150.51999999999998
216.88
238.6
262.82
228.32
207.74
176.51999999999998
15.0
177.07999999999998
210.14
157.22
71.66
238.88
114.16
126.36000000000001
244.1
83.74
210.66
182.42000000000002
222.56
237.7
227.54
146.8
155.18
57.14
225.56
171.07999999999998
188.0
136.76
93.52
141.42000000000002
112.36
262.48
190.0
73.38
111.66
182.38
300.34
172.3
228.32
157.28
231.7
77.84
187.82
243.98
133.42000000000002
255.98000000000002
139.06
138.46
299.62
93.56
138.22
150.78
132.6
293.82
83.32
179.38
82.32
151.57999999999998
111.64
138.8
205.38
69.88
158.98
105.94
205.28
151.64
166.74
206.94
151.39999999999998
87.0
259.02
216.39999999999998
227.68
228.88
108.5
211.8
215.26
274.68
156.12
182.14
161.0
114.28
134.0
180.88
6.0
184.16
149.38
79.38
199.8
167.36
191.06
262.06
165.82
269.15999999999997
206.76
135.9
252.6
144.07999999999998
193.84
122.69999999999999
178.28
161.94
140.32
167.12
91.88
200.26
212.98
204.74
154.14
276.4
111.69999999999999
307.0
74.03999999999999
139.94
105.74
210.66
262.12
108.36
205.95999999999998
227.6
232.2
254.68
273.06
46.18
59.14
154.51999999999998
156.28
143.74
234.92000000000002
139.5
210.7
234.51999999999998
113.56
163.26
159.7
300.86
132.46
234.82
235.39999999999998
247.74
212.36
124.16
206.14
156.52
228.22
193.26
174.38
220.84
160.22
152.54
174.92000000000002
199.14
194.9
224.54
219.54
271.06
308.1
212.46
160.42000000000002
193.66
156.94
108.52
236.82
180.56
242.26
221.88
191.66
177.84
217.07999999999998
294.96
7.0
208.28
253.14
207.62
131.56
108.03999999999999
215.5
162.26
164.39999999999998
169.32
244.46
106.74
214.78
165.18
81.52
125.84
222.48
129.18
226.32
236.26
241.07999999999998
303.52
211.14
286.24
209.14
234.07999999999998
78.52
237.01999999999998
257.0
147.36
90.8
306.48
174.9
132.84
158.28
190.14
238.39999999999998
226.01999999999998
236.1
194.39999999999998
227.6
215.26
86.6
225.32
194.76
219.39999999999998
293.48
169.04
21.38
255.53999999999996
141.51999999999998
85.84
126.75999999999999
245.78
249.26
164.6
95.42
304.48
228.01999999999998
166.9
218.7
217.56
200.06
222.39999999999998
73.38
192.88
208.42000000000002
104.52
267.24
239.57999999999998
132.94
1.0
168.38
177.3
49.76
181.52
273.1
207.22
208.9
239.22
245.26
181.0
130.86
43.0
200.98
102.66
253.86
188.04
299.76
219.07999999999998
232.24
241.6
187.18
217.2
199.88
128.66
281.68
165.28
159.12
290.44
207.8
134.88
119.75999999999999
183.94
146.56
218.8
164.38
102.52
224.56
199.56
158.14
296.34
274.92
232.84
214.7
146.32
121.97999999999999
158.16
154.76
256.36
286.58
238.32
221.22
67.36
242.74
152.92000000000002
97.0
330.9
181.14
164.98
125.02
150.07999999999998
223.32
192.32
112.38
186.33999999999997
111.76
134.07999999999998
144.94
186.7
182.74
228.54
155.38
77.46000000000001
244.68
168.94
145.32
172.12
60.0
128.46
201.76
242.46
203.06
151.7
268.02
227.22
119.14
54.519999999999996
152.14
264.86
212.36
77.75999999999999
155.14
160.8
175.7
264.26
160.7
87.38
65.08
275.68
170.76
149.84
187.0
30.0
56.0
105.03999999999999
232.2
102.56
319.65999999999997
254.74
165.14
238.3
188.56
195.32
154.04
154.06
214.22
204.46
218.28
220.72
285.58
233.84
208.72
242.98
121.94
160.84
242.54
183.28
150.92000000000002
196.42
127.30000000000001
166.72
141.16
150.51999999999998
254.57999999999998
192.22
207.74
239.98
221.74
188.38
161.46
54.0
242.07999999999998
140.3
140.82
225.5
103.22
309.86
206.9
127.88
180.9
136.36
181.28
248.5
259.4
233.22
63.75999999999999
216.88
192.94
270.3
239.36
208.32
217.66
194.16
311.48
195.9
210.3
283.24
247.86
207.52
123.42
150.9
234.46
230.92000000000002
141.04
169.8
180.84
154.84
258.74
130.16
253.26
88.38
212.94
195.42000000000002
176.0
210.32
140.07999999999998
119.25999999999999
175.78
270.4
191.7
246.28
217.5
218.04
170.88
219.74
66.28
198.8
232.88
160.6
87.28
85.52
247.98
96.97999999999999
223.56
208.51999999999998
226.1
66.18
149.14
100.28
140.0
184.01999999999998
277.1
140.6
243.22
223.86
123.76
158.8
210.42000000000002
256.68
171.22
183.9
287.34
93.12
147.28
203.39999999999998
199.6
238.36
238.22
187.28
172.46
160.62
229.94
217.04
225.6
156.18
235.98
259.88
281.44
183.28
116.75999999999999
130.66
242.5
230.01999999999998
272.92
259.2
50.0
220.51999999999998
209.36
232.98
186.44
176.36
176.8
172.57999999999998
194.66
243.46
334.52
195.22
52.66
140.7
120.97999999999999
140.38
239.0
211.18
289.06
156.32
17.0
243.64
102.14
136.66
249.22
148.38
66.03999999999999
196.56
291.52
205.78
200.28
216.84
169.01999999999998
218.22
257.86
257.4
208.64
100.03999999999999
185.51999999999998
278.82
37.76
180.56
255.01999999999998
263.5
91.75999999999999
196.14
270.78
291.34
167.32
143.06
251.98
132.9
268.34
97.52
167.42000000000002
218.8
169.1
180.04
168.51999999999998
164.9
180.3
221.46
275.2
103.66
262.92
128.64
224.22
173.6
124.12
230.88
264.53999999999996
243.98
94.52
210.52
254.3
142.36
193.9
142.28
214.42000000000002
245.78
227.57999999999998
150.44
249.12
196.24
178.04
172.9
33.379999999999995
214.28
164.98
209.82
92.52
257.48
278.65999999999997
122.12
191.84
182.78
89.56
245.12
108.18
208.84
99.42
184.14
107.8
144.48
154.51999999999998
287.48
275.53999999999996
172.39999999999998
250.88
222.39999999999998
168.66
176.84
204.66
49.519999999999996
161.42000000000002
166.14
246.68
170.54
189.66
123.38
216.7
138.22
195.04
204.38
256.44
168.36
219.22
234.07999999999998
215.7
243.16
103.08
232.78
54.8
220.32
139.56
201.26
242.78
203.5
83.14
142.8
190.32
190.28
218.74
191.7
157.8
215.16
275.92
180.24
177.56
221.8
246.64
155.22
198.8
166.04
106.46000000000001
163.04
172.84
96.8
32.0
82.84
167.7
235.64
117.52
192.01999999999998
158.74
166.18
245.26
166.18
204.0
176.42000000000002
171.38
303.9
69.84
111.03999999999999
230.26
192.22
193.94
94.18
176.14
201.84
85.03999999999999
204.38
192.01999999999998
107.69999999999999
250.26
165.64
180.39999999999998
251.57999999999998
281.86
229.39999999999998
230.92000000000002
203.14
246.36
235.01999999999998
171.14
220.7
208.06
164.9
230.72
280.38
110.9
211.18
185.51999999999998
169.57999999999998
95.0
162.8
182.42000000000002
279.2
272.96
298.96
228.39999999999998
171.42000000000002
194.0
20.0
212.9
245.22
247.12
249.01999999999998
93.94
167.01999999999998
198.57999999999998
249.22
279.68
130.54
201.98
141.38
180.38
193.7
114.38
278.06
182.12
234.06
218.0
146.22
124.46000000000001
221.56
230.32
73.18
171.9
108.08
189.16
213.5
160.01999999999998
164.92000000000002
19.759999999999998
132.36
147.72
87.03999999999999
290.0
244.39999999999998
183.32
199.42000000000002
234.36
121.42
242.5
182.28
83.9
201.52
206.64
203.9
152.07999999999998
207.3
144.32
78.75999999999999
107.56
205.8
247.36
259.74
148.12
250.82
131.32
207.66
95.52
124.03999999999999
159.7
251.22
129.64
214.28
250.36
223.8
318.0
220.98
223.92000000000002
131.39999999999998
201.42
182.28
231.26
120.16
198.94
150.36
203.14
218.74
114.28
181.01999999999998
241.39999999999998
95.94
153.72
233.1
222.82
270.4
246.82
179.5
227.6
218.18
93.66
215.52
197.42
107.0
213.8
281.92
106.03999999999999
198.14
93.69999999999999
204.9
163.94
228.74
246.95999999999998
135.04
122.74
100.0
245.64
175.14
135.16
183.5
164.51999999999998
290.96
243.64
145.14
235.07999999999998
146.07999999999998
136.74
161.9
263.58
108.6
170.46
219.5
252.54
191.16
222.38
217.78
171.39999999999998
206.56
190.14
291.72
81.74
266.82
116.39999999999999
125.5
232.18
293.44
263.96
262.78
234.16
170.8
164.9
163.56
140.07999999999998
254.44
104.5
267.96
95.69999999999999
186.84
247.36
176.66
157.8
193.88
257.74
231.56
163.0
241.78
203.26
116.08
199.94
125.66
153.01999999999998
44.66
261.53999999999996
308.62
169.76
245.84
204.98
307.62
143.04
227.36
198.88
271.64
240.84
196.66
181.2
192.8
106.14
178.14
144.9
247.78
152.9
273.15999999999997
146.8
169.76
89.38
178.8
228.36
249.78
88.03999999999999
131.9
179.06
206.14
143.28
222.74
155.14
122.14
170.95999999999998
222.84
135.12
224.92000000000002
206.51999999999998
144.07999999999998
188.06
299.1
150.32
222.6
218.92000000000002
113.38
289.48
156.28
171.76
288.62
245.36
235.82
199.3
117.84
198.07999999999998
203.22
46.14
199.76
175.92000000000002
